46.147247
46.147963
46.148678
46.149394
46.150109
46.150825
46.151541
46.152256
46.152972
46.153687
46.154403
46.155118
46.155834
46.156549
46.157265
46.157980
46.158696
46.159412
46.160127
46.160843
46.160843
46.161500
46.162157
46.162815
46.163472
46.164130
46.164787
46.165444
46.166102
46.166759
46.167417
46.168074
46.168731
46.169389
46.170046
46.170704
46.171361
46.172018
46.172676
46.173333
46.173333
46.173932
46.174532
46.175131
46.175730
46.176329
46.176928
46.177528
46.178127
46.178726
46.179325
46.179924
46.180524
46.181123
46.181722
46.182321
46.182921
46.183520
46.184119
46.184718
46.184718
46.185259
46.185800
46.186341
46.186882
46.187423
46.187964
46.188505
46.189046
46.189587
46.190128
46.190670
46.191211
46.191752
46.192293
46.192834
46.193375
46.193916
46.194457
46.194998
46.194998
46.195481
46.195963
46.196446
46.196929
46.197412
46.197895
46.198377
46.198860
46.199343
46.199826
46.200309
46.200792
46.201274
46.201757
46.202240
46.202723
46.203206
46.203688
46.204171
46.204171
46.204596
46.205020
46.205445
46.205870
46.206294
46.206719
46.207143
46.207568
46.207993
46.208417
46.208842
46.209266
46.209691
46.210116
46.210540
46.210965
46.211389
46.211814
46.212239
46.212239
46.212605
46.212971
46.213338
46.213704
46.214071
46.214437
46.214803
46.215170
46.215536
46.215902
46.216269
46.216635
46.217002
46.217368
46.217734
46.218101
46.218467
46.218833
46.219200
46.219200
46.219508
46.219816
46.220124
46.220432
46.220740
46.221048
46.221357
46.221665
46.221973
46.222281
46.222589
46.222897
46.223205
46.223514
46.223822
46.224130
46.224438
46.224746
46.225054
46.225054
46.225304
46.225554
46.225804
46.226054
46.226304
46.226553
46.226803
46.227053
46.227303
46.227553
46.227803
46.228053
46.228303
46.228552
46.228802
46.229052
46.229302
46.229552
46.229802
46.229802
46.229994
46.230185
46.230377
46.230568
46.230760
46.230952
46.231143
46.231335
46.231527
46.231718
46.231910
46.232101
46.232293
46.232485
46.232676
46.232868
46.233059
46.233251
46.233443
46.233443
46.233576
46.233709
46.233843
46.233976
46.234110
46.234243
46.234376
46.234510
46.234643
46.234776
46.234910
46.235043
46.235176
46.235310
46.235443
46.235577
46.235710
46.235843
46.235977
46.235977
46.236052
46.236127
46.236202
46.236277
46.236352
46.236427
46.236502
46.236577
46.236653
46.236728
46.236803
46.236878
46.236953
46.237028
46.237103
46.237178
46.237253
46.237328
46.237403
46.237403
46.237420
46.237437
46.237454
46.237471
46.237488
46.237504
46.237521
46.237538
46.237555
46.237572
46.237589
46.237605
46.237622
46.237639
46.237656
46.237673
46.237690
46.237706
46.237723
46.237723
46.237682
46.237640
46.237599
46.237558
46.237516
46.237475
46.237433
46.237392
46.237350
46.237309
46.237267
46.237226
46.237185
46.237143
46.237102
46.237060
46.237019
46.236977
46.236936
46.236936
46.236836
46.236737
46.236637
46.236537
46.236437
46.236338
46.236238
46.236138
46.236039
46.235939
46.235839
46.235740
46.235640
46.235540
46.235440
46.235341
46.235241
46.235141
46.235042
46.235042
46.234884
46.234726
46.234568
46.234410
46.234252
46.234094
46.233936
46.233778
46.233620
46.233462
46.233304
46.233146
46.232988
46.232830
46.232672
46.232514
46.232356
46.232198
46.232040
46.232040
46.231824
46.231608
46.231392
46.231175
46.230959
46.230743
46.230527
46.230310
46.230094
46.229878
46.229662
46.229446
46.229229
46.229013
46.228797
46.228581
46.228364
46.228148
46.227932
46.227932
46.227658
46.227383
46.227109
46.226834
46.226560
46.226285
46.226011
46.225736
46.225462
46.225187
46.224913
46.224638
46.224364
46.224089
46.223815
46.223540
46.223266
46.222991
46.222717
46.222717
46.222384
46.222051
46.221719
46.221386
46.221053
46.220721
46.220388
46.220055
46.219722
46.219390
46.219057
46.218724
46.218391
46.218059
46.217726
46.217393
46.217061
46.216728
46.216395
46.216395
46.216004
46.215613
46.215222
46.214831
46.214440
46.214049
46.213658
46.213267
46.212876
46.212486
46.212095
46.211704
46.211313
46.210922
46.210531
46.210140
46.209749
46.209358
46.208967
46.208967
46.208518
46.208069
46.207619
46.207170
46.206721
46.206272
46.205823
46.205373
46.204924
46.204475
46.204026
46.203577
46.203127
46.202678
46.202229
46.201780
46.201331
46.200882
46.200432
46.200432
46.199925
46.199418
46.198910
46.198403
46.197895
46.197388
46.196881
46.196373
46.195866
46.195358
46.194851
46.194344
46.193836
46.193329
46.192821
46.192314
46.191807
46.191299
46.190792
46.190792
46.190226
46.189661
46.189095
46.188529
46.187964
46.187398
46.186832
46.186267
46.185701
46.185136
46.184570
46.184004
46.183439
46.182873
46.182308
46.181742
46.181176
46.180611
46.180045
46.180045
46.179421
46.178798
46.178174
46.177550
46.176926
46.176303
46.175679
46.175055
46.174431
46.173807
46.173184
46.172560
46.171936
46.171312
46.170688
46.170065
46.169441
46.168817
46.168193
46.168193
46.167511
46.166829
46.166147
46.165466
46.164784
46.164102
46.163420
46.162738
46.162056
46.161374
46.160692
46.160010
46.159328
46.158646
46.157964
46.157282
46.156600
46.155918
46.155236
46.155236
46.154496
46.153756
46.153016
46.152276
46.151536
46.150796
46.150056
46.149315
46.148575
46.147835
46.147095
46.146355
46.145615
46.144875
46.144135
46.143395
46.142655
46.141914
46.141174
46.141174
46.140376
46.139578
46.138780
46.137981
46.137183
46.136385
46.135587
46.134788
46.133990
46.133192
46.132394
46.131596
46.130797
46.129999
46.129201
46.128403
46.127604
46.126806
46.126008
46.126008
46.125152
46.124295
46.123439
46.122583
46.121726
46.120870
46.120014
46.119157
46.118301
46.117445
46.116588
46.115732
46.114876
46.114019
46.113163
46.112306
46.111450
46.110594
46.109737
46.109737
46.108823
46.107909
46.106994
46.106080
46.105165
46.104251
46.103337
46.102422
46.101508
46.100593
46.099679
46.098764
46.097850
46.096936
46.096021
46.095107
46.094192
46.093278
46.092363
46.092363
46.091391
46.090418
46.089446
46.088474
46.087501
46.086529
46.085556
46.084584
46.083611
46.082639
46.081666
46.080694
46.079721
46.078749
46.077776
46.076804
46.075831
46.074859
46.073886
46.073886
46.072856
46.071825
46.070795
46.069764
46.068734
46.067703
46.066673
46.065642
46.064612
46.063581
46.062551
46.061520
46.060490
46.059459
46.058429
46.057398
46.056368
46.055337
46.054307
46.054307
46.053218
46.052130
46.051041
46.049952
46.048864
46.047775
46.046687
46.045598
46.044510
46.043421
46.042333
46.041244
46.040156
46.039067
46.037979
46.036890
46.035802
46.034713
46.033625
46.033625
46.032478
46.031332
46.030185
46.029039
46.027892
46.026746
46.025599
46.024453
46.023306
46.022160
46.021013
46.019867
46.018720
46.017574
46.016427
46.015281
46.014134
46.012988
46.011841
46.011841
46.010637
46.009433
46.008228
46.007024
46.005819
46.004615
46.003410
46.002206
46.001001
45.999797
45.998593
45.997388
45.996184
45.994979
45.993775
45.992570
45.991366
45.990162
45.988957
45.988957
45.987695
45.986432
45.985170
45.983908
45.982645
45.981383
45.980121
45.978858
45.977596
45.976334
45.975071
45.973809
45.972547
45.971284
45.970022
45.968760
45.967497
45.966235
45.964973
45.964973
45.963652
45.962332
45.961012
45.959692
45.958371
45.957051
45.955731
45.954411
45.953091
45.951770
45.950450
45.949130
45.947810
45.946489
45.945169
45.943849
45.942529
45.941209
45.939888
45.939888
45.938510
45.937132
45.935754
45.934376
45.932998
45.931620
45.930242
45.928864
45.927486
45.926108
45.924730
45.923352
45.921973
45.920595
45.919217
45.917839
45.916461
45.915083
45.913705
45.913705
45.912269
45.910833
45.909398
45.907962
45.906526
45.905090
45.903654
45.902218
45.900782
45.899346
45.897911
45.896475
45.895039
45.893603
45.892167
45.890731
45.889295
45.887860
45.886424
45.886424
45.884930
45.883436
45.881943
45.880449
45.878956
45.877462
45.875968
45.874475
45.872981
45.871487
45.869994
45.868500
45.867007
45.865513
45.864019
45.862526
45.861032
45.859538
45.858045
45.858045
45.856493
45.854942
45.853391
45.851839
45.850288
45.848737
45.847185
45.845634
45.844083
45.842531
45.840980
45.839429
45.837877
45.836326
45.834774
45.833223
45.831672
45.830120
45.828569
45.828569
45.826960
45.825351
45.823742
45.822133
45.820524
45.818915
45.817306
45.815697
45.814088
45.812479
45.810870
45.809261
45.807652
45.806043
45.804434
45.802825
45.801216
45.799606
45.797997
45.797997
45.796331
45.794664
45.792997
45.791331
45.789664
45.787997
45.786331
45.784664
45.782997
45.781331
45.779664
45.777997
45.776331
45.774664
45.772997
45.771331
45.769664
45.767997
45.766331
45.766331
45.764606
45.762882
45.761158
45.759434
45.757709
45.755985
45.754261
45.752537
45.750812
45.749088
45.747364
45.745640
45.743915
45.742191
45.740467
45.738743
45.737018
45.735294
45.733570
45.733570
45.731788
45.730006
45.728224
45.726443
45.724661
45.722879
45.721097
45.719315
45.717534
45.715752
45.713970
45.712188
45.710406
45.708625
45.706843
45.705061
45.703279
45.701497
45.699716
45.699716
45.697876
45.696037
45.694198
45.692358
45.690519
45.688680
45.686840
45.685001
45.683162
45.681323
45.679483
45.677644
45.675805
45.673965
45.672126
45.670287
45.668447
45.666608
45.664769
45.664769
45.662872
45.660975
45.659079
45.657182
45.655285
45.653388
45.651492
45.649595
45.647698
45.645801
45.643905
45.642008
45.640111
45.638214
45.636318
45.634421
45.632524
45.630627
45.628731
45.628731
45.626777
45.624822
45.622868
45.620914
45.618960
45.617006
45.615052
45.613098
45.611143
45.609189
45.607235
45.605281
45.603327
45.601373
45.599419
45.597464
45.595510
45.593556
45.591602
45.591602
45.589591
45.587579
45.585568
45.583556
45.581545
45.579533
45.577522
45.575510
45.573499
45.571487
45.569476
45.567464
45.565453
45.563441
45.561430
45.559418
45.557407
45.555395
45.553384
45.553384
45.551315
45.549246
45.547178
45.545109
45.543040
45.540971
45.538903
45.536834
45.534765
45.532696
45.530627
45.528559
45.526490
45.524421
45.522352
45.520284
45.518215
45.516146
45.514077