-0.003112	-0.977627	0.209639	0.016959
-0.003242	-0.977628	0.209634	0.016915
-0.003372	-0.977630	0.209628	0.016872
-0.003502	-0.977631	0.209623	0.016829
-0.003632	-0.977633	0.209617	0.016785
-0.003763	-0.977634	0.209612	0.016742
-0.003893	-0.977636	0.209606	0.016698
-0.004023	-0.977637	0.209600	0.016655
-0.004153	-0.977638	0.209595	0.016612
-0.004284	-0.977640	0.209589	0.016568
-0.004414	-0.977641	0.209584	0.016525
-0.004544	-0.977642	0.209578	0.016482
-0.004674	-0.977644	0.209573	0.016438
-0.004804	-0.977645	0.209567	0.016395
-0.004935	-0.977646	0.209561	0.016351
-0.005065	-0.977648	0.209556	0.016308
-0.005195	-0.977649	0.209550	0.016265
-0.005325	-0.977650	0.209545	0.016221
-0.005455	-0.977651	0.209539	0.016178
-0.005586	-0.977652	0.209533	0.016135
-0.005586	-0.977652	0.209533	0.016135
-0.005716	-0.977654	0.209528	0.016091
-0.005846	-0.977655	0.209522	0.016048
-0.005976	-0.977656	0.209516	0.016004
-0.006107	-0.977657	0.209511	0.015961
-0.006237	-0.977658	0.209505	0.015918
-0.006367	-0.977659	0.209500	0.015874
-0.006497	-0.977660	0.209494	0.015831
-0.006627	-0.977661	0.209488	0.015788
-0.006758	-0.977662	0.209483	0.015744
-0.006888	-0.977663	0.209477	0.015701
-0.007018	-0.977664	0.209471	0.015657
-0.007148	-0.977665	0.209466	0.015614
-0.007278	-0.977666	0.209460	0.015571
-0.007409	-0.977667	0.209454	0.015527
-0.007539	-0.977668	0.209449	0.015484
-0.007669	-0.977669	0.209443	0.015441
-0.007799	-0.977670	0.209437	0.015397
-0.007930	-0.977671	0.209432	0.015354
-0.008060	-0.977671	0.209426	0.015310
-0.008060	-0.977671	0.209426	0.015310
-0.008190	-0.977672	0.209420	0.015267
-0.008320	-0.977673	0.209414	0.015224
-0.008450	-0.977674	0.209409	0.015180
-0.008581	-0.977675	0.209403	0.015137
-0.008711	-0.977675	0.209397	0.015093
-0.008841	-0.977676	0.209392	0.015050
-0.008971	-0.977677	0.209386	0.015007
-0.009101	-0.977677	0.209380	0.014963
-0.009232	-0.977678	0.209374	0.014920
-0.009362	-0.977679	0.209369	0.014877
-0.009492	-0.977679	0.209363	0.014833
-0.009622	-0.977680	0.209357	0.014790
-0.009753	-0.977681	0.209352	0.014746
-0.009883	-0.977681	0.209346	0.014703
-0.010013	-0.977682	0.209340	0.014660
-0.010143	-0.977682	0.209334	0.014616
-0.010273	-0.977683	0.209329	0.014573
-0.010404	-0.977683	0.209323	0.014529
-0.010534	-0.977684	0.209317	0.014486
-0.010534	-0.977684	0.209317	0.014486
-0.010664	-0.977684	0.209311	0.014443
-0.010794	-0.977685	0.209305	0.014399
-0.010924	-0.977685	0.209300	0.014356
-0.011055	-0.977686	0.209294	0.014313
-0.011185	-0.977686	0.209288	0.014269
-0.011315	-0.977686	0.209282	0.014226
-0.011445	-0.977687	0.209277	0.014182
-0.011575	-0.977687	0.209271	0.014139
-0.011706	-0.977687	0.209265	0.014096
-0.011836	-0.977688	0.209259	0.014052
-0.011966	-0.977688	0.209253	0.014009
-0.012096	-0.977688	0.209248	0.013965
-0.012226	-0.977688	0.209242	0.013922
-0.012357	-0.977689	0.209236	0.013879
-0.012487	-0.977689	0.209230	0.013835
-0.012617	-0.977689	0.209224	0.013792
-0.012747	-0.977689	0.209218	0.013748
-0.012878	-0.977689	0.209213	0.013705
-0.013008	-0.977689	0.209207	0.013662
-0.013008	-0.977689	0.209207	0.013662
-0.013138	-0.977690	0.209201	0.013618
-0.013268	-0.977690	0.209195	0.013575
-0.013398	-0.977690	0.209189	0.013532
-0.013529	-0.977690	0.209183	0.013488
-0.013659	-0.977690	0.209177	0.013445
-0.013789	-0.977690	0.209172	0.013401
-0.013919	-0.977690	0.209166	0.013358
-0.014049	-0.977690	0.209160	0.013315
-0.014180	-0.977690	0.209154	0.013271
-0.014310	-0.977690	0.209148	0.013228
-0.014440	-0.977690	0.209142	0.013184
-0.014570	-0.977690	0.209136	0.013141
-0.014700	-0.977690	0.209130	0.013098
-0.014831	-0.977689	0.209125	0.013054
-0.014961	-0.977689	0.209119	0.013011
-0.015091	-0.977689	0.209113	0.012967
-0.015221	-0.977689	0.209107	0.012924
-0.015351	-0.977689	0.209101	0.012881
-0.015482	-0.977688	0.209095	0.012837
-0.015482	-0.977688	0.209095	0.012837
-0.015612	-0.977688	0.209089	0.012794
-0.015742	-0.977688	0.209083	0.012750
-0.015872	-0.977688	0.209077	0.012707
-0.016002	-0.977687	0.209071	0.012664
-0.016133	-0.977687	0.209065	0.012620
-0.016263	-0.977687	0.209059	0.012577
-0.016393	-0.977686	0.209054	0.012533
-0.016523	-0.977686	0.209048	0.012490
-0.016653	-0.977686	0.209042	0.012447
-0.016784	-0.977685	0.209036	0.012403
-0.016914	-0.977685	0.209030	0.012360
-0.017044	-0.977684	0.209024	0.012316
-0.017174	-0.977684	0.209018	0.012273
-0.017304	-0.977684	0.209012	0.012230
-0.017435	-0.977683	0.209006	0.012186
-0.017565	-0.977683	0.209000	0.012143
-0.017695	-0.977682	0.208994	0.012099
-0.017825	-0.977681	0.208988	0.012056
-0.017955	-0.977681	0.208982	0.012013
-0.017955	-0.977681	0.208982	0.012013
-0.018086	-0.977680	0.208976	0.011969
-0.018216	-0.977680	0.208970	0.011926
-0.018346	-0.977679	0.208964	0.011882
-0.018476	-0.977678	0.208958	0.011839
-0.018606	-0.977678	0.208952	0.011796
-0.018736	-0.977677	0.208946	0.011752
-0.018867	-0.977676	0.208940	0.011709
-0.018997	-0.977676	0.208934	0.011665
-0.019127	-0.977675	0.208928	0.011622
-0.019257	-0.977674	0.208922	0.011579
-0.019387	-0.977673	0.208916	0.011535
-0.019518	-0.977673	0.208910	0.011492
-0.019648	-0.977672	0.208904	0.011448
-0.019778	-0.977671	0.208898	0.011405
-0.019908	-0.977670	0.208892	0.011362
-0.020038	-0.977669	0.208886	0.011318
-0.020169	-0.977668	0.208879	0.011275
-0.020299	-0.977667	0.208873	0.011231
-0.020429	-0.977667	0.208867	0.011188
-0.020429	-0.977667	0.208867	0.011188
-0.020559	-0.977666	0.208861	0.011145
-0.020689	-0.977665	0.208855	0.011101
-0.020820	-0.977664	0.208849	0.011058
-0.020950	-0.977663	0.208843	0.011014
-0.021080	-0.977662	0.208837	0.010971
-0.021210	-0.977661	0.208831	0.010928
-0.021340	-0.977660	0.208825	0.010884
-0.021470	-0.977659	0.208819	0.010841
-0.021601	-0.977657	0.208813	0.010797
-0.021731	-0.977656	0.208806	0.010754
-0.021861	-0.977655	0.208800	0.010711
-0.021991	-0.977654	0.208794	0.010667
-0.022121	-0.977653	0.208788	0.010624
-0.022252	-0.977652	0.208782	0.010580
-0.022382	-0.977651	0.208776	0.010537
-0.022512	-0.977649	0.208770	0.010494
-0.022642	-0.977648	0.208764	0.010450
-0.022772	-0.977647	0.208758	0.010407
-0.022902	-0.977646	0.208751	0.010363
-0.022902	-0.977646	0.208751	0.010363
-0.023033	-0.977644	0.208745	0.010320
-0.023163	-0.977643	0.208739	0.010276
-0.023293	-0.977642	0.208733	0.010233
-0.023423	-0.977640	0.208727	0.010190
-0.023553	-0.977639	0.208721	0.010146
-0.023684	-0.977638	0.208714	0.010103
-0.023814	-0.977636	0.208708	0.010059
-0.023944	-0.977635	0.208702	0.010016
-0.024074	-0.977633	0.208696	0.009973
-0.024204	-0.977632	0.208690	0.009929
-0.024334	-0.977630	0.208684	0.009886
-0.024465	-0.977629	0.208677	0.009842
-0.024595	-0.977627	0.208671	0.009799
-0.024725	-0.977626	0.208665	0.009756
-0.024855	-0.977624	0.208659	0.009712
-0.024985	-0.977623	0.208653	0.009669
-0.025115	-0.977621	0.208646	0.009625
-0.025246	-0.977620	0.208640	0.009582
-0.025376	-0.977618	0.208634	0.009538
-0.025376	-0.977618	0.208634	0.009538
-0.025506	-0.977616	0.208628	0.009495
-0.025636	-0.977615	0.208622	0.009452
-0.025766	-0.977613	0.208615	0.009408
-0.025896	-0.977611	0.208609	0.009365
-0.026027	-0.977610	0.208603	0.009321
-0.026157	-0.977608	0.208597	0.009278
-0.026287	-0.977606	0.208590	0.009235
-0.026417	-0.977604	0.208584	0.009191
-0.026547	-0.977603	0.208578	0.009148
-0.026677	-0.977601	0.208572	0.009104
-0.026808	-0.977599	0.208565	0.009061
-0.026938	-0.977597	0.208559	0.009018
-0.027068	-0.977595	0.208553	0.008974
-0.027198	-0.977593	0.208547	0.008931
-0.027328	-0.977591	0.208540	0.008887
-0.027458	-0.977590	0.208534	0.008844
-0.027589	-0.977588	0.208528	0.008800
-0.027719	-0.977586	0.208521	0.008757
-0.027849	-0.977584	0.208515	0.008714
-0.027849	-0.977584	0.208515	0.008714
-0.027979	-0.977582	0.208509	0.008670
-0.028109	-0.977580	0.208503	0.008627
-0.028239	-0.977578	0.208496	0.008583
-0.028370	-0.977576	0.208490	0.008540
-0.028500	-0.977574	0.208484	0.008497
-0.028630	-0.977572	0.208477	0.008453
-0.028760	-0.977569	0.208471	0.008410
-0.028890	-0.977567	0.208465	0.008366
-0.029020	-0.977565	0.208458	0.008323
-0.029151	-0.977563	0.208452	0.008279
-0.029281	-0.977561	0.208446	0.008236
-0.029411	-0.977559	0.208439	0.008193
-0.029541	-0.977556	0.208433	0.008149
-0.029671	-0.977554	0.208427	0.008106
-0.029801	-0.977552	0.208420	0.008062
-0.029931	-0.977550	0.208414	0.008019
-0.030062	-0.977547	0.208408	0.007976
-0.030192	-0.977545	0.208401	0.007932
-0.030322	-0.977543	0.208395	0.007889
-0.030322	-0.977543	0.208395	0.007889
-0.030452	-0.977540	0.208389	0.007845
-0.030582	-0.977538	0.208382	0.007802
-0.030712	-0.977536	0.208376	0.007758
-0.030843	-0.977533	0.208369	0.007715
-0.030973	-0.977531	0.208363	0.007672
-0.031103	-0.977528	0.208357	0.007628
-0.031233	-0.977526	0.208350	0.007585
-0.031363	-0.977524	0.208344	0.007541
-0.031493	-0.977521	0.208337	0.007498
-0.031623	-0.977519	0.208331	0.007455
-0.031754	-0.977516	0.208325	0.007411
-0.031884	-0.977514	0.208318	0.007368
-0.032014	-0.977511	0.208312	0.007324
-0.032144	-0.977508	0.208305	0.007281
-0.032274	-0.977506	0.208299	0.007237
-0.032404	-0.977503	0.208293	0.007194
-0.032534	-0.977501	0.208286	0.007151
-0.032665	-0.977498	0.208280	0.007107
-0.032795	-0.977495	0.208273	0.007064
-0.032795	-0.977495	0.208273	0.007064
-0.032925	-0.977493	0.208267	0.007020
-0.033055	-0.977490	0.208260	0.006977
-0.033185	-0.977487	0.208254	0.006933
-0.033315	-0.977484	0.208247	0.006890
-0.033445	-0.977482	0.208241	0.006847
-0.033576	-0.977479	0.208235	0.006803
-0.033706	-0.977476	0.208228	0.006760
-0.033836	-0.977473	0.208222	0.006716
-0.033966	-0.977470	0.208215	0.006673
-0.034096	-0.977467	0.208209	0.006630
-0.034226	-0.977465	0.208202	0.006586
-0.034356	-0.977462	0.208196	0.006543
-0.034486	-0.977459	0.208189	0.006499
-0.034617	-0.977456	0.208183	0.006456
-0.034747	-0.977453	0.208176	0.006412
-0.034877	-0.977450	0.208170	0.006369
-0.035007	-0.977447	0.208163	0.006326
-0.035137	-0.977444	0.208157	0.006282
-0.035267	-0.977441	0.208150	0.006239
-0.035267	-0.977441	0.208150	0.006239
-0.035397	-0.977438	0.208144	0.006195
-0.035528	-0.977435	0.208137	0.006152
-0.035658	-0.977432	0.208131	0.006108
-0.035788	-0.977429	0.208124	0.006065
-0.035918	-0.977426	0.208118	0.006022
-0.036048	-0.977422	0.208111	0.005978
-0.036178	-0.977419	0.208104	0.005935
-0.036308	-0.977416	0.208098	0.005891
-0.036438	-0.977413	0.208091	0.005848
-0.036568	-0.977410	0.208085	0.005805
-0.036699	-0.977406	0.208078	0.005761
-0.036829	-0.977403	0.208072	0.005718
-0.036959	-0.977400	0.208065	0.005674
-0.037089	-0.977397	0.208059	0.005631
-0.037219	-0.977393	0.208052	0.005587
-0.037349	-0.977390	0.208045	0.005544
-0.037479	-0.977387	0.208039	0.005501
-0.037609	-0.977383	0.208032	0.005457
-0.037740	-0.977380	0.208026	0.005414
-0.037740	-0.977380	0.208026	0.005414
-0.037870	-0.977377	0.208019	0.005370
-0.038000	-0.977373	0.208013	0.005327
-0.038130	-0.977370	0.208006	0.005283
-0.038260	-0.977366	0.207999	0.005240
-0.038390	-0.977363	0.207993	0.005197
-0.038520	-0.977359	0.207986	0.005153
-0.038650	-0.977356	0.207979	0.005110
-0.038780	-0.977352	0.207973	0.005066
-0.038911	-0.977349	0.207966	0.005023
-0.039041	-0.977345	0.207960	0.004979
-0.039171	-0.977342	0.207953	0.004936
-0.039301	-0.977338	0.207946	0.004893
-0.039431	-0.977335	0.207940	0.004849
-0.039561	-0.977331	0.207933	0.004806
-0.039691	-0.977327	0.207926	0.004762
-0.039821	-0.977324	0.207920	0.004719
-0.039951	-0.977320	0.207913	0.004675
-0.040082	-0.977316	0.207906	0.004632
-0.040212	-0.977312	0.207900	0.004589
-0.040212	-0.977312	0.207900	0.004589
-0.040342	-0.977309	0.207893	0.004545
-0.040472	-0.977305	0.207886	0.004502
-0.040602	-0.977301	0.207880	0.004458
-0.040732	-0.977297	0.207873	0.004415
-0.040862	-0.977294	0.207866	0.004371
-0.040992	-0.977290	0.207860	0.004328
-0.041122	-0.977286	0.207853	0.004285
-0.041252	-0.977282	0.207846	0.004241
-0.041382	-0.977278	0.207840	0.004198
-0.041513	-0.977274	0.207833	0.004154
-0.041643	-0.977270	0.207826	0.004111
-0.041773	-0.977266	0.207820	0.004067
-0.041903	-0.977262	0.207813	0.004024
-0.042033	-0.977258	0.207806	0.003981
-0.042163	-0.977254	0.207799	0.003937
-0.042293	-0.977250	0.207793	0.003894
-0.042423	-0.977246	0.207786	0.003850
-0.042553	-0.977242	0.207779	0.003807
-0.042683	-0.977238	0.207772	0.003763
-0.042683	-0.977238	0.207772	0.003763
-0.042813	-0.977234	0.207766	0.003720
-0.042944	-0.977230	0.207759	0.003677
-0.043074	-0.977226	0.207752	0.003633
-0.043204	-0.977222	0.207745	0.003590
-0.043334	-0.977218	0.207739	0.003546
-0.043464	-0.977213	0.207732	0.003503
-0.043594	-0.977209	0.207725	0.003459
-0.043724	-0.977205	0.207718	0.003416
-0.043854	-0.977201	0.207712	0.003373
-0.043984	-0.977196	0.207705	0.003329
-0.044114	-0.977192	0.207698	0.003286
-0.044244	-0.977188	0.207691	0.003242
-0.044374	-0.977184	0.207685	0.003199
-0.044505	-0.977179	0.207678	0.003155
-0.044635	-0.977175	0.207671	0.003112
-0.044765	-0.977171	0.207664	0.003069
-0.044895	-0.977166	0.207657	0.003025
-0.045025	-0.977162	0.207651	0.002982
-0.045155	-0.977157	0.207644	0.002938
-0.045155	-0.977157	0.207644	0.002938
-0.045285	-0.977153	0.207637	0.002895
-0.045415	-0.977148	0.207630	0.002851
-0.045545	-0.977144	0.207623	0.002808
-0.045675	-0.977139	0.207616	0.002765
-0.045805	-0.977135	0.207610	0.002721
-0.045935	-0.977130	0.207603	0.002678
-0.046065	-0.977126	0.207596	0.002634
-0.046195	-0.977121	0.207589	0.002591
-0.046325	-0.977117	0.207582	0.002547
-0.046456	-0.977112	0.207575	0.002504
-0.046586	-0.977107	0.207569	0.002461
-0.046716	-0.977103	0.207562	0.002417
-0.046846	-0.977098	0.207555	0.002374
-0.046976	-0.977093	0.207548	0.002330
-0.047106	-0.977089	0.207541	0.002287
-0.047236	-0.977084	0.207534	0.002243
-0.047366	-0.977079	0.207527	0.002200
-0.047496	-0.977075	0.207520	0.002157
-0.047626	-0.977070	0.207514	0.002113
-0.047626	-0.977070	0.207514	0.002113
-0.047756	-0.977065	0.207507	0.002070
-0.047886	-0.977060	0.207500	0.002026
-0.048016	-0.977055	0.207493	0.001983
-0.048146	-0.977051	0.207486	0.001939
-0.048276	-0.977046	0.207479	0.001896
-0.048406	-0.977041	0.207472	0.001853
-0.048536	-0.977036	0.207465	0.001809
-0.048666	-0.977031	0.207458	0.001766
-0.048796	-0.977026	0.207451	0.001722
-0.048927	-0.977021	0.207444	0.001679
-0.049057	-0.977016	0.207438	0.001635
-0.049187	-0.977011	0.207431	0.001592
-0.049317	-0.977006	0.207424	0.001549
-0.049447	-0.977001	0.207417	0.001505
-0.049577	-0.976996	0.207410	0.001462
-0.049707	-0.976991	0.207403	0.001418
-0.049837	-0.976986	0.207396	0.001375
-0.049967	-0.976981	0.207389	0.001331
-0.050097	-0.976976	0.207382	0.001288
-0.050097	-0.976976	0.207382	0.001288
-0.050227	-0.976970	0.207375	0.001245
-0.050357	-0.976965	0.207368	0.001201
-0.050487	-0.976960	0.207361	0.001158
-0.050617	-0.976955	0.207354	0.001114
-0.050747	-0.976950	0.207347	0.001071
-0.050877	-0.976944	0.207340	0.001027
-0.051007	-0.976939	0.207333	0.000984
-0.051137	-0.976934	0.207326	0.000940
-0.051267	-0.976929	0.207319	0.000897
-0.051397	-0.976923	0.207312	0.000854
-0.051527	-0.976918	0.207305	0.000810
-0.051657	-0.976913	0.207298	0.000767
-0.051787	-0.976907	0.207291	0.000723
-0.051917	-0.976902	0.207284	0.000680
-0.052047	-0.976897	0.207277	0.000636
-0.052177	-0.976891	0.207270	0.000593
-0.052307	-0.976886	0.207263	0.000550
-0.052437	-0.976880	0.207256	0.000506
-0.052567	-0.976875	0.207249	0.000463
-0.052567	-0.976875	0.207249	0.000463
-0.052697	-0.976869	0.207242	0.000419
-0.052827	-0.976864	0.207235	0.000376
-0.052957	-0.976858	0.207228	0.000332
-0.053087	-0.976853	0.207221	0.000289
-0.053217	-0.976847	0.207214	0.000246
-0.053347	-0.976842	0.207207	0.000202
-0.053477	-0.976836	0.207200	0.000159
-0.053608	-0.976830	0.207193	0.000115
-0.053738	-0.976825	0.207186	0.000072
-0.053868	-0.976819	0.207178	0.000028
-0.053998	-0.976813	0.207171	-0.000015
-0.054128	-0.976808	0.207164	-0.000058
-0.054258	-0.976802	0.207157	-0.000102
-0.054388	-0.976796	0.207150	-0.000145
-0.054518	-0.976790	0.207143	-0.000189
-0.054648	-0.976785	0.207136	-0.000232
-0.054778	-0.976779	0.207129	-0.000276
-0.054908	-0.976773	0.207122	-0.000319
-0.055038	-0.976767	0.207115	-0.000362
-0.055038	-0.976767	0.207115	-0.000362
-0.055168	-0.976761	0.207107	-0.000406
-0.055298	-0.976756	0.207100	-0.000449
-0.055428	-0.976750	0.207093	-0.000493
-0.055558	-0.976744	0.207086	-0.000536
-0.055688	-0.976738	0.207079	-0.000580
-0.055818	-0.976732	0.207072	-0.000623
-0.055948	-0.976726	0.207065	-0.000666
-0.056078	-0.976720	0.207058	-0.000710
-0.056207	-0.976714	0.207050	-0.000753
-0.056337	-0.976708	0.207043	-0.000797
-0.056467	-0.976702	0.207036	-0.000840
-0.056597	-0.976696	0.207029	-0.000884
-0.056727	-0.976690	0.207022	-0.000927
-0.056857	-0.976684	0.207015	-0.000970
-0.056987	-0.976678	0.207008	-0.001014
-0.057117	-0.976672	0.207000	-0.001057
-0.057247	-0.976665	0.206993	-0.001101
-0.057377	-0.976659	0.206986	-0.001144
-0.057507	-0.976653	0.206979	-0.001188
-0.057507	-0.976653	0.206979	-0.001188
-0.057637	-0.976647	0.206972	-0.001231
-0.057767	-0.976641	0.206964	-0.001275
-0.057897	-0.976634	0.206957	-0.001318
-0.058027	-0.976628	0.206950	-0.001361
-0.058157	-0.976622	0.206943	-0.001405
-0.058287	-0.976616	0.206936	-0.001448
-0.058417	-0.976609	0.206928	-0.001492
-0.058547	-0.976603	0.206921	-0.001535
-0.058677	-0.976597	0.206914	-0.001579
-0.058807	-0.976590	0.206907	-0.001622
-0.058937	-0.976584	0.206900	-0.001665
-0.059067	-0.976578	0.206892	-0.001709
-0.059197	-0.976571	0.206885	-0.001752
-0.059327	-0.976565	0.206878	-0.001796
-0.059457	-0.976558	0.206871	-0.001839
-0.059587	-0.976552	0.206863	-0.001883
-0.059717	-0.976545	0.206856	-0.001926
-0.059847	-0.976539	0.206849	-0.001969
-0.059977	-0.976532	0.206842	-0.002013
-0.059977	-0.976532	0.206842	-0.002013
-0.060107	-0.976526	0.206834	-0.002056
-0.060237	-0.976519	0.206827	-0.002100
-0.060367	-0.976513	0.206820	-0.002143
-0.060497	-0.976506	0.206813	-0.002187
-0.060626	-0.976499	0.206805	-0.002230
-0.060756	-0.976493	0.206798	-0.002273
-0.060886	-0.976486	0.206791	-0.002317
-0.061016	-0.976479	0.206783	-0.002360
-0.061146	-0.976473	0.206776	-0.002404
-0.061276	-0.976466	0.206769	-0.002447
-0.061406	-0.976459	0.206761	-0.002491
-0.061536	-0.976453	0.206754	-0.002534
-0.061666	-0.976446	0.206747	-0.002577
-0.061796	-0.976439	0.206740	-0.002621
-0.061926	-0.976432	0.206732	-0.002664
-0.062056	-0.976425	0.206725	-0.002708
-0.062186	-0.976419	0.206718	-0.002751
-0.062316	-0.976412	0.206710	-0.002795
-0.062446	-0.976405	0.206703	-0.002838
-0.062446	-0.976405	0.206703	-0.002838
-0.062576	-0.976398	0.206696	-0.002881
-0.062706	-0.976391	0.206688	-0.002925
-0.062835	-0.976384	0.206681	-0.002968
-0.062965	-0.976377	0.206674	-0.003012
-0.063095	-0.976370	0.206666	-0.003055
-0.063225	-0.976363	0.206659	-0.003099
-0.063355	-0.976356	0.206652	-0.003142
-0.063485	-0.976349	0.206644	-0.003185
-0.063615	-0.976342	0.206637	-0.003229
-0.063745	-0.976335	0.206629	-0.003272
-0.063875	-0.976328	0.206622	-0.003316
-0.064005	-0.976321	0.206615	-0.003359
-0.064135	-0.976314	0.206607	-0.003403
-0.064265	-0.976307	0.206600	-0.003446
-0.064395	-0.976299	0.206593	-0.003489
-0.064525	-0.976292	0.206585	-0.003533
-0.064654	-0.976285	0.206578	-0.003576
-0.064784	-0.976278	0.206570	-0.003620
-0.064914	-0.976271	0.206563	-0.003663
-0.064914	-0.976271	0.206563	-0.003663
-0.065044	-0.976263	0.206556	-0.003707
-0.065174	-0.976256	0.206548	-0.003750
-0.065304	-0.976249	0.206541	-0.003793
-0.065434	-0.976242	0.206533	-0.003837
-0.065564	-0.976234	0.206526	-0.003880
-0.065694	-0.976227	0.206518	-0.003924
-0.065824	-0.976220	0.206511	-0.003967
-0.065954	-0.976212	0.206504	-0.004011
-0.066083	-0.976205	0.206496	-0.004054
-0.066213	-0.976197	0.206489	-0.004097
-0.066343	-0.976190	0.206481	-0.004141
-0.066473	-0.976183	0.206474	-0.004184
-0.066603	-0.976175	0.206466	-0.004228
-0.066733	-0.976168	0.206459	-0.004271
-0.066863	-0.976160	0.206451	-0.004315
-0.066993	-0.976153	0.206444	-0.004358
-0.067123	-0.976145	0.206436	-0.004401
-0.067252	-0.976138	0.206429	-0.004445
-0.067382	-0.976130	0.206421	-0.004488
-0.067382	-0.976130	0.206421	-0.004488
-0.067512	-0.976122	0.206414	-0.004532
-0.067642	-0.976115	0.206407	-0.004575
-0.067772	-0.976107	0.206399	-0.004619
-0.067902	-0.976099	0.206392	-0.004662
-0.068032	-0.976092	0.206384	-0.004705
-0.068162	-0.976084	0.206377	-0.004749
-0.068292	-0.976076	0.206369	-0.004792
-0.068421	-0.976069	0.206362	-0.004836
-0.068551	-0.976061	0.206354	-0.004879
-0.068681	-0.976053	0.206346	-0.004923
-0.068811	-0.976045	0.206339	-0.004966
-0.068941	-0.976038	0.206331	-0.005009
-0.069071	-0.976030	0.206324	-0.005053
-0.069201	-0.976022	0.206316	-0.005096
-0.069331	-0.976014	0.206309	-0.005140
-0.069460	-0.976006	0.206301	-0.005183
-0.069590	-0.975998	0.206294	-0.005227
-0.069720	-0.975990	0.206286	-0.005270
-0.069850	-0.975983	0.206279	-0.005313
-0.069850	-0.975983	0.206279	-0.005313
-0.069980	-0.975975	0.206271	-0.005357
-0.070110	-0.975967	0.206264	-0.005400
-0.070240	-0.975959	0.206256	-0.005444
-0.070369	-0.975951	0.206248	-0.005487
-0.070499	-0.975943	0.206241	-0.005531
-0.070629	-0.975935	0.206233	-0.005574
-0.070759	-0.975927	0.206226	-0.005617
-0.070889	-0.975918	0.206218	-0.005661
-0.071019	-0.975910	0.206210	-0.005704
-0.071149	-0.975902	0.206203	-0.005748
-0.071278	-0.975894	0.206195	-0.005791
-0.071408	-0.975886	0.206188	-0.005835
-0.071538	-0.975878	0.206180	-0.005878
-0.071668	-0.975870	0.206172	-0.005921
-0.071798	-0.975861	0.206165	-0.005965
-0.071928	-0.975853	0.206157	-0.006008
-0.072057	-0.975845	0.206150	-0.006052
-0.072187	-0.975837	0.206142	-0.006095
-0.072317	-0.975828	0.206134	-0.006138
-0.072317	-0.975828	0.206134	-0.006138
-0.072447	-0.975820	0.206127	-0.006182
-0.072577	-0.975812	0.206119	-0.006225
-0.072707	-0.975804	0.206111	-0.006269
-0.072837	-0.975795	0.206104	-0.006312
-0.072966	-0.975787	0.206096	-0.006356
-0.073096	-0.975778	0.206089	-0.006399
-0.073226	-0.975770	0.206081	-0.006442
-0.073356	-0.975762	0.206073	-0.006486
-0.073486	-0.975753	0.206066	-0.006529
-0.073615	-0.975745	0.206058	-0.006573
-0.073745	-0.975736	0.206050	-0.006616
-0.073875	-0.975728	0.206043	-0.006660
-0.074005	-0.975719	0.206035	-0.006703
-0.074135	-0.975711	0.206027	-0.006746
-0.074265	-0.975702	0.206020	-0.006790
-0.074394	-0.975694	0.206012	-0.006833
-0.074524	-0.975685	0.206004	-0.006877
-0.074654	-0.975676	0.205996	-0.006920
-0.074784	-0.975668	0.205989	-0.006963
-0.074784	-0.975668	0.205989	-0.006963
-0.074914	-0.975659	0.205981	-0.007007
-0.075043	-0.975650	0.205973	-0.007050
-0.075173	-0.975642	0.205966	-0.007094
-0.075303	-0.975633	0.205958	-0.007137
-0.075433	-0.975624	0.205950	-0.007181
-0.075563	-0.975616	0.205942	-0.007224
-0.075693	-0.975607	0.205935	-0.007267
-0.075822	-0.975598	0.205927	-0.007311
-0.075952	-0.975589	0.205919	-0.007354
-0.076082	-0.975580	0.205911	-0.007398
-0.076212	-0.975572	0.205904	-0.007441
-0.076342	-0.975563	0.205896	-0.007485
-0.076471	-0.975554	0.205888	-0.007528
-0.076601	-0.975545	0.205880	-0.007571
-0.076731	-0.975536	0.205873	-0.007615
-0.076861	-0.975527	0.205865	-0.007658
-0.076990	-0.975518	0.205857	-0.007702
-0.077120	-0.975509	0.205849	-0.007745
-0.077250	-0.975500	0.205842	-0.007788
-0.077250	-0.975500	0.205842	-0.007788
-0.077380	-0.975491	0.205834	-0.007832
-0.077510	-0.975482	0.205826	-0.007875
-0.077639	-0.975473	0.205818	-0.007919
-0.077769	-0.975464	0.205811	-0.007962
-0.077899	-0.975455	0.205803	-0.008006
-0.078029	-0.975446	0.205795	-0.008049
-0.078158	-0.975437	0.205787	-0.008092
-0.078288	-0.975428	0.205779	-0.008136
-0.078418	-0.975419	0.205772	-0.008179
-0.078548	-0.975410	0.205764	-0.008223
-0.078678	-0.975400	0.205756	-0.008266
-0.078807	-0.975391	0.205748	-0.008309
-0.078937	-0.975382	0.205740	-0.008353
-0.079067	-0.975373	0.205732	-0.008396
-0.079197	-0.975364	0.205725	-0.008440
-0.079326	-0.975354	0.205717	-0.008483
-0.079456	-0.975345	0.205709	-0.008527
-0.079586	-0.975336	0.205701	-0.008570
-0.079716	-0.975326	0.205693	-0.008613
-0.079716	-0.975326	0.205693	-0.008613
-0.079845	-0.975317	0.205685	-0.008657
-0.079975	-0.975308	0.205677	-0.008700
-0.080105	-0.975298	0.205670	-0.008744
-0.080235	-0.975289	0.205662	-0.008787
-0.080364	-0.975279	0.205654	-0.008830
-0.080494	-0.975270	0.205646	-0.008874
-0.080624	-0.975261	0.205638	-0.008917
-0.080754	-0.975251	0.205630	-0.008961
-0.080883	-0.975242	0.205622	-0.009004
-0.081013	-0.975232	0.205614	-0.009048
-0.081143	-0.975223	0.205607	-0.009091
-0.081273	-0.975213	0.205599	-0.009134
-0.081402	-0.975203	0.205591	-0.009178
-0.081532	-0.975194	0.205583	-0.009221
-0.081662	-0.975184	0.205575	-0.009265
-0.081792	-0.975175	0.205567	-0.009308
-0.081921	-0.975165	0.205559	-0.009351
-0.082051	-0.975155	0.205551	-0.009395
-0.082181	-0.975146	0.205543	-0.009438
-0.082181	-0.975146	0.205543	-0.009438
-0.082311	-0.975136	0.205535	-0.009482
-0.082440	-0.975126	0.205527	-0.009525
-0.082570	-0.975117	0.205520	-0.009568
-0.082700	-0.975107	0.205512	-0.009612
-0.082829	-0.975097	0.205504	-0.009655
-0.082959	-0.975087	0.205496	-0.009699
-0.083089	-0.975077	0.205488	-0.009742
-0.083219	-0.975068	0.205480	-0.009786
-0.083348	-0.975058	0.205472	-0.009829
-0.083478	-0.975048	0.205464	-0.009872
-0.083608	-0.975038	0.205456	-0.009916
-0.083737	-0.975028	0.205448	-0.009959
-0.083867	-0.975018	0.205440	-0.010003
-0.083997	-0.975008	0.205432	-0.010046
-0.084127	-0.974998	0.205424	-0.010089
-0.084256	-0.974988	0.205416	-0.010133
-0.084386	-0.974978	0.205408	-0.010176
-0.084516	-0.974968	0.205400	-0.010220
-0.084645	-0.974958	0.205392	-0.010263
-0.084645	-0.974958	0.205392	-0.010263
-0.084775	-0.974948	0.205384	-0.010306
-0.084905	-0.974938	0.205376	-0.010350
-0.085034	-0.974928	0.205368	-0.010393
-0.085164	-0.974918	0.205360	-0.010437
-0.085294	-0.974908	0.205352	-0.010480
-0.085423	-0.974898	0.205344	-0.010524
-0.085553	-0.974888	0.205336	-0.010567
-0.085683	-0.974878	0.205328	-0.010610
-0.085813	-0.974867	0.205320	-0.010654
-0.085942	-0.974857	0.205312	-0.010697
-0.086072	-0.974847	0.205304	-0.010741
-0.086202	-0.974837	0.205296	-0.010784
-0.086331	-0.974826	0.205288	-0.010827
-0.086461	-0.974816	0.205280	-0.010871
-0.086591	-0.974806	0.205272	-0.010914
-0.086720	-0.974796	0.205264	-0.010958
-0.086850	-0.974785	0.205256	-0.011001
-0.086980	-0.974775	0.205247	-0.011044
-0.087109	-0.974764	0.205239	-0.011088
-0.087109	-0.974764	0.205239	-0.011088
-0.087239	-0.974754	0.205231	-0.011131
-0.087369	-0.974744	0.205223	-0.011175
-0.087498	-0.974733	0.205215	-0.011218
-0.087628	-0.974723	0.205207	-0.011261
-0.087758	-0.974712	0.205199	-0.011305
-0.087887	-0.974702	0.205191	-0.011348
-0.088017	-0.974691	0.205183	-0.011392
-0.088147	-0.974681	0.205175	-0.011435
-0.088276	-0.974670	0.205167	-0.011478
-0.088406	-0.974660	0.205158	-0.011522
-0.088536	-0.974649	0.205150	-0.011565
-0.088665	-0.974639	0.205142	-0.011609
-0.088795	-0.974628	0.205134	-0.011652
-0.088924	-0.974617	0.205126	-0.011695
-0.089054	-0.974607	0.205118	-0.011739
-0.089184	-0.974596	0.205110	-0.011782
-0.089313	-0.974585	0.205102	-0.011826
-0.089443	-0.974575	0.205093	-0.011869
-0.089573	-0.974564	0.205085	-0.011912
-0.089573	-0.974564	0.205085	-0.011912
-0.089702	-0.974553	0.205077	-0.011956
-0.089832	-0.974542	0.205069	-0.011999
-0.089962	-0.974532	0.205061	-0.012043
-0.090091	-0.974521	0.205053	-0.012086
-0.090221	-0.974510	0.205045	-0.012129
-0.090350	-0.974499	0.205036	-0.012173
-0.090480	-0.974488	0.205028	-0.012216
-0.090610	-0.974477	0.205020	-0.012260
-0.090739	-0.974467	0.205012	-0.012303
-0.090869	-0.974456	0.205004	-0.012346
-0.090999	-0.974445	0.204996	-0.012390
-0.091128	-0.974434	0.204987	-0.012433
-0.091258	-0.974423	0.204979	-0.012477
-0.091387	-0.974412	0.204971	-0.012520
-0.091517	-0.974401	0.204963	-0.012563
-0.091647	-0.974390	0.204955	-0.012607
-0.091776	-0.974379	0.204946	-0.012650
-0.091906	-0.974368	0.204938	-0.012694
-0.092035	-0.974357	0.204930	-0.012737
-0.092035	-0.974357	0.204930	-0.012737
-0.092165	-0.974346	0.204922	-0.012780
-0.092295	-0.974335	0.204913	-0.012824
-0.092424	-0.974323	0.204905	-0.012867
-0.092554	-0.974312	0.204897	-0.012911
-0.092683	-0.974301	0.204889	-0.012954
-0.092813	-0.974290	0.204881	-0.012997
-0.092943	-0.974279	0.204872	-0.013041
-0.093072	-0.974267	0.204864	-0.013084
-0.093202	-0.974256	0.204856	-0.013128
-0.093331	-0.974245	0.204848	-0.013171
-0.093461	-0.974234	0.204839	-0.013214
-0.093591	-0.974222	0.204831	-0.013258
-0.093720	-0.974211	0.204823	-0.013301
-0.093850	-0.974200	0.204814	-0.013345
-0.093979	-0.974188	0.204806	-0.013388
-0.094109	-0.974177	0.204798	-0.013431
-0.094238	-0.974166	0.204790	-0.013475
-0.094368	-0.974154	0.204781	-0.013518
-0.094498	-0.974143	0.204773	-0.013562
-0.094498	-0.974143	0.204773	-0.013562
-0.094627	-0.974131	0.204765	-0.013605
-0.094757	-0.974120	0.204756	-0.013648
-0.094886	-0.974108	0.204748	-0.013692
-0.095016	-0.974097	0.204740	-0.013735
-0.095145	-0.974085	0.204732	-0.013778
-0.095275	-0.974074	0.204723	-0.013822
-0.095405	-0.974062	0.204715	-0.013865
-0.095534	-0.974051	0.204707	-0.013909
-0.095664	-0.974039	0.204698	-0.013952
-0.095793	-0.974028	0.204690	-0.013995
-0.095923	-0.974016	0.204682	-0.014039
-0.096052	-0.974004	0.204673	-0.014082
-0.096182	-0.973993	0.204665	-0.014126
-0.096311	-0.973981	0.204657	-0.014169
-0.096441	-0.973969	0.204648	-0.014212
-0.096570	-0.973958	0.204640	-0.014256
-0.096700	-0.973946	0.204632	-0.014299
-0.096830	-0.973934	0.204623	-0.014343
-0.096959	-0.973922	0.204615	-0.014386
-0.096959	-0.973922	0.204615	-0.014386
-0.097089	-0.973911	0.204606	-0.014429
-0.097218	-0.973899	0.204598	-0.014473
-0.097348	-0.973887	0.204590	-0.014516
-0.097477	-0.973875	0.204581	-0.014559
-0.097607	-0.973863	0.204573	-0.014603
-0.097736	-0.973851	0.204565	-0.014646
-0.097866	-0.973839	0.204556	-0.014690
-0.097995	-0.973828	0.204548	-0.014733
-0.098125	-0.973816	0.204539	-0.014776
-0.098254	-0.973804	0.204531	-0.014820
-0.098384	-0.973792	0.204523	-0.014863
-0.098513	-0.973780	0.204514	-0.014907
-0.098643	-0.973768	0.204506	-0.014950
-0.098772	-0.973756	0.204497	-0.014993
-0.098902	-0.973744	0.204489	-0.015037
-0.099031	-0.973732	0.204480	-0.015080
-0.099161	-0.973719	0.204472	-0.015123
-0.099290	-0.973707	0.204464	-0.015167
-0.099420	-0.973695	0.204455	-0.015210
-0.099420	-0.973695	0.204455	-0.015210
-0.099549	-0.973683	0.204447	-0.015254
-0.099679	-0.973671	0.204438	-0.015297
-0.099808	-0.973659	0.204430	-0.015340
-0.099938	-0.973647	0.204421	-0.015384
-0.100067	-0.973634	0.204413	-0.015427
-0.100197	-0.973622	0.204404	-0.015470
-0.100326	-0.973610	0.204396	-0.015514
-0.100456	-0.973598	0.204388	-0.015557
-0.100585	-0.973585	0.204379	-0.015601
-0.100715	-0.973573	0.204371	-0.015644
-0.100844	-0.973561	0.204362	-0.015687
-0.100974	-0.973548	0.204354	-0.015731
-0.101103	-0.973536	0.204345	-0.015774
-0.101233	-0.973524	0.204337	-0.015818
-0.101362	-0.973511	0.204328	-0.015861
-0.101492	-0.973499	0.204320	-0.015904
-0.101621	-0.973486	0.204311	-0.015948
-0.101751	-0.973474	0.204303	-0.015991
-0.101880	-0.973461	0.204294	-0.016034
-0.101880	-0.973461	0.204294	-0.016034
-0.102010	-0.973449	0.204286	-0.016078
-0.102139	-0.973437	0.204277	-0.016121
-0.102268	-0.973424	0.204269	-0.016165
-0.102398	-0.973411	0.204260	-0.016208
-0.102527	-0.973399	0.204251	-0.016251
-0.102657	-0.973386	0.204243	-0.016295
-0.102786	-0.973374	0.204234	-0.016338
-0.102916	-0.973361	0.204226	-0.016381
-0.103045	-0.973348	0.204217	-0.016425
-0.103175	-0.973336	0.204209	-0.016468
-0.103304	-0.973323	0.204200	-0.016511
-0.103433	-0.973310	0.204192	-0.016555
-0.103563	-0.973298	0.204183	-0.016598
-0.103692	-0.973285	0.204175	-0.016642
-0.103822	-0.973272	0.204166	-0.016685
-0.103951	-0.973260	0.204157	-0.016728
-0.104081	-0.973247	0.204149	-0.016772
-0.104210	-0.973234	0.204140	-0.016815
-0.104339	-0.973221	0.204132	-0.016858
-0.104339	-0.973221	0.204132	-0.016858
-0.104469	-0.973208	0.204123	-0.016902
-0.104598	-0.973195	0.204114	-0.016945
-0.104728	-0.973183	0.204106	-0.016989
-0.104857	-0.973170	0.204097	-0.017032
-0.104987	-0.973157	0.204089	-0.017075
-0.105116	-0.973144	0.204080	-0.017119
-0.105245	-0.973131	0.204071	-0.017162
-0.105375	-0.973118	0.204063	-0.017205
-0.105504	-0.973105	0.204054	-0.017249
-0.105634	-0.973092	0.204046	-0.017292
-0.105763	-0.973079	0.204037	-0.017336
-0.105892	-0.973066	0.204028	-0.017379
-0.106022	-0.973053	0.204020	-0.017422
-0.106151	-0.973040	0.204011	-0.017466
-0.106281	-0.973027	0.204002	-0.017509
-0.106410	-0.973014	0.203994	-0.017552
-0.106539	-0.973000	0.203985	-0.017596
-0.106669	-0.972987	0.203977	-0.017639
-0.106798	-0.972974	0.203968	-0.017682
-0.106798	-0.972974	0.203968	-0.017682
-0.106928	-0.972961	0.203959	-0.017726
-0.107057	-0.972948	0.203951	-0.017769
-0.107186	-0.972934	0.203942	-0.017813
-0.107316	-0.972921	0.203933	-0.017856
-0.107445	-0.972908	0.203925	-0.017899
-0.107575	-0.972895	0.203916	-0.017943
-0.107704	-0.972881	0.203907	-0.017986
-0.107833	-0.972868	0.203898	-0.018029
-0.107963	-0.972855	0.203890	-0.018073
-0.108092	-0.972841	0.203881	-0.018116
-0.108221	-0.972828	0.203872	-0.018159
-0.108351	-0.972815	0.203864	-0.018203
-0.108480	-0.972801	0.203855	-0.018246
-0.108609	-0.972788	0.203846	-0.018289
-0.108739	-0.972774	0.203838	-0.018333
-0.108868	-0.972761	0.203829	-0.018376
-0.108998	-0.972747	0.203820	-0.018420
-0.109127	-0.972734	0.203811	-0.018463
-0.109256	-0.972720	0.203803	-0.018506
-0.109256	-0.972720	0.203803	-0.018506
-0.109386	-0.972707	0.203794	-0.018550
-0.109515	-0.972693	0.203785	-0.018593
-0.109644	-0.972680	0.203776	-0.018636
-0.109774	-0.972666	0.203768	-0.018680
-0.109903	-0.972653	0.203759	-0.018723
-0.110032	-0.972639	0.203750	-0.018766
-0.110162	-0.972625	0.203741	-0.018810
-0.110291	-0.972612	0.203733	-0.018853
-0.110420	-0.972598	0.203724	-0.018896
-0.110550	-0.972584	0.203715	-0.018940
-0.110679	-0.972571	0.203706	-0.018983
-0.110808	-0.972557	0.203698	-0.019027
-0.110938	-0.972543	0.203689	-0.019070
-0.111067	-0.972529	0.203680	-0.019113
-0.111196	-0.972516	0.203671	-0.019157
-0.111326	-0.972502	0.203662	-0.019200
-0.111455	-0.972488	0.203654	-0.019243
-0.111584	-0.972474	0.203645	-0.019287
-0.111714	-0.972460	0.203636	-0.019330
-0.111714	-0.972460	0.203636	-0.019330
-0.111843	-0.972446	0.203627	-0.019373
-0.111972	-0.972432	0.203618	-0.019417
-0.112101	-0.972418	0.203610	-0.019460
-0.112231	-0.972405	0.203601	-0.019503
-0.112360	-0.972391	0.203592	-0.019547
-0.112489	-0.972377	0.203583	-0.019590
-0.112619	-0.972363	0.203574	-0.019633
-0.112748	-0.972349	0.203565	-0.019677
-0.112877	-0.972335	0.203557	-0.019720
-0.113007	-0.972321	0.203548	-0.019763
-0.113136	-0.972306	0.203539	-0.019807
-0.113265	-0.972292	0.203530	-0.019850
-0.113394	-0.972278	0.203521	-0.019894
-0.113524	-0.972264	0.203512	-0.019937
-0.113653	-0.972250	0.203504	-0.019980
-0.113782	-0.972236	0.203495	-0.020024
-0.113912	-0.972222	0.203486	-0.020067
-0.114041	-0.972207	0.203477	-0.020110
-0.114170	-0.972193	0.203468	-0.020154
-0.114170	-0.972193	0.203468	-0.020154
-0.114299	-0.972179	0.203459	-0.020197
-0.114429	-0.972165	0.203450	-0.020240
-0.114558	-0.972151	0.203441	-0.020284
-0.114687	-0.972136	0.203433	-0.020327
-0.114816	-0.972122	0.203424	-0.020370
-0.114946	-0.972108	0.203415	-0.020414
-0.115075	-0.972093	0.203406	-0.020457
-0.115204	-0.972079	0.203397	-0.020500
-0.115333	-0.972065	0.203388	-0.020544
-0.115463	-0.972050	0.203379	-0.020587
-0.115592	-0.972036	0.203370	-0.020630
-0.115721	-0.972021	0.203361	-0.020674
-0.115850	-0.972007	0.203352	-0.020717
-0.115980	-0.971992	0.203343	-0.020760
-0.116109	-0.971978	0.203334	-0.020804
-0.116238	-0.971963	0.203326	-0.020847
-0.116367	-0.971949	0.203317	-0.020890
-0.116497	-0.971934	0.203308	-0.020934
-0.116626	-0.971920	0.203299	-0.020977
-0.116626	-0.971920	0.203299	-0.020977
-0.116755	-0.971905	0.203290	-0.021020
-0.116884	-0.971891	0.203281	-0.021064
-0.117013	-0.971876	0.203272	-0.021107
-0.117143	-0.971861	0.203263	-0.021150
-0.117272	-0.971847	0.203254	-0.021194
-0.117401	-0.971832	0.203245	-0.021237
-0.117530	-0.971817	0.203236	-0.021280
-0.117660	-0.971803	0.203227	-0.021324
-0.117789	-0.971788	0.203218	-0.021367
-0.117918	-0.971773	0.203209	-0.021410
-0.118047	-0.971758	0.203200	-0.021454
-0.118176	-0.971744	0.203191	-0.021497
-0.118306	-0.971729	0.203182	-0.021540
-0.118435	-0.971714	0.203173	-0.021584
-0.118564	-0.971699	0.203164	-0.021627
-0.118693	-0.971684	0.203155	-0.021670
-0.118822	-0.971669	0.203146	-0.021714
-0.118952	-0.971655	0.203137	-0.021757
-0.119081	-0.971640	0.203128	-0.021800
-0.119081	-0.971640	0.203128	-0.021800
-0.119210	-0.971625	0.203119	-0.021844
-0.119339	-0.971610	0.203110	-0.021887
-0.119468	-0.971595	0.203101	-0.021930
-0.119597	-0.971580	0.203092	-0.021974
-0.119727	-0.971565	0.203083	-0.022017
-0.119856	-0.971550	0.203074	-0.022060
-0.119985	-0.971535	0.203065	-0.022104
-0.120114	-0.971520	0.203056	-0.022147
-0.120243	-0.971505	0.203047	-0.022190
-0.120372	-0.971490	0.203038	-0.022234
-0.120502	-0.971474	0.203028	-0.022277
-0.120631	-0.971459	0.203019	-0.022320
-0.120760	-0.971444	0.203010	-0.022364
-0.120889	-0.971429	0.203001	-0.022407
-0.121018	-0.971414	0.202992	-0.022450
-0.121147	-0.971399	0.202983	-0.022494
-0.121277	-0.971383	0.202974	-0.022537
-0.121406	-0.971368	0.202965	-0.022580
-0.121535	-0.971353	0.202956	-0.022624
-0.121535	-0.971353	0.202956	-0.022624
-0.121664	-0.971338	0.202947	-0.022667
-0.121793	-0.971322	0.202938	-0.022710
-0.121922	-0.971307	0.202928	-0.022753
-0.122051	-0.971292	0.202919	-0.022797
-0.122181	-0.971276	0.202910	-0.022840
-0.122310	-0.971261	0.202901	-0.022883
-0.122439	-0.971246	0.202892	-0.022927
-0.122568	-0.971230	0.202883	-0.022970
-0.122697	-0.971215	0.202874	-0.023013
-0.122826	-0.971199	0.202865	-0.023057
-0.122955	-0.971184	0.202856	-0.023100
-0.123084	-0.971168	0.202846	-0.023143
-0.123214	-0.971153	0.202837	-0.023187
-0.123343	-0.971137	0.202828	-0.023230
-0.123472	-0.971122	0.202819	-0.023273
-0.123601	-0.971106	0.202810	-0.023317
-0.123730	-0.971091	0.202801	-0.023360
-0.123859	-0.971075	0.202791	-0.023403
-0.123988	-0.971059	0.202782	-0.023447