32.757364
32.789465
32.821567
32.853669
32.885770
32.917872
32.949974
32.982075
33.014177
33.046279
33.078380
33.110482
33.142584
33.174685
33.206787
33.238889
33.270990
33.303092
33.335194
33.367295
33.399397
33.431499
33.463600
33.495702
33.527804
33.559905
33.592007
33.624108
33.656210
33.688312
33.720413
33.752515
33.784617
33.816718
33.848820
33.880922
33.913023
33.945125
33.977227
34.009328
34.041430
34.073532
34.105633
34.137735
34.169837
34.201938
34.234040
34.266142
34.298243
34.330345
34.362447
34.394548
34.426650
34.458752
34.490853
34.522955
34.555057
34.587158
34.619260
34.651362
34.683463
34.715565
34.747667
34.779768
34.811870
34.843972
34.876073
34.908175
34.940277
34.972378
35.004480
35.036582
35.068683
35.100785
35.132887
35.164988
35.197090
35.229192
35.261293
35.293395
35.325497
35.357598
35.389700
35.421802
35.453903
35.486005
35.518107
35.550208
35.582310
35.614412
35.646513
35.678615
35.710716
35.742818
35.774920
35.807021
35.839123
35.871225
35.903326
35.935428
35.967530
35.999631
36.031733
36.063835
36.095936
36.128038
36.160140
36.192241
36.224343
36.256445
36.288546
36.320648
36.352750
36.384851
36.416953
36.449055
36.481156
36.513258
36.513258
36.571054
36.628850
36.686646
36.744442
36.802238
36.860034
36.917830
36.975626
37.033422
37.091218
37.149014
37.206811
37.264607
37.322403
37.380199
37.437995
37.495791
37.553587
37.611383
37.669179
37.726975
37.784771
37.842567
37.900363
37.958159
38.015955
38.073751
38.131547
38.189343
38.247139
38.304935
38.362731
38.420527
38.478323
38.536119
38.593915
38.651711
38.709508
38.767304
38.825100
38.882896
38.940692
38.998488
39.056284
39.114080
39.171876
39.229672
39.287468
39.345264
39.403060
39.460856
39.518652
39.576448
39.634244
39.692040
39.749836
39.807632
39.865428
39.923224
39.981020
40.038816
40.096612
40.154409
40.154409
40.210171
40.265934
40.321696
40.377459
40.433222
40.488984
40.544747
40.600509
40.656272
40.712035
40.767797
40.823560
40.879322
40.935085
40.990848
41.046610
41.102373
41.158135
41.213898
41.269661
41.325423
41.381186
41.436948
41.492711
41.548474
41.604236
41.659999
41.715761
41.771524
41.827287
41.883049
41.938812
41.994574
42.050337
42.106100
42.161862
42.217625
42.273387
42.329150
42.384913
42.440675
42.496438
42.552200
42.607963
42.663726
42.719488
42.775251
42.831013
42.886776
42.942539
42.998301
43.054064
43.109826
43.165589
43.221352
43.277114
43.332877
43.388639
43.444402
43.500165
43.555927
43.611690
43.667452
43.667452
43.720977
43.774501
43.828026
43.881550
43.935075
43.988599
44.042124
44.095649
44.149173
44.202698
44.256222
44.309747
44.363271
44.416796
44.470320
44.523845
44.577369
44.630894
44.684418
44.737943
44.791467
44.844992
44.898516
44.952041
45.005565
45.059090
45.112614
45.166139
45.219663
45.273188
45.326712
45.380237
45.433761
45.487286
45.540811
45.594335
45.647860
45.701384
45.754909
45.808433
45.861958
45.915482
45.969007
46.022531
46.076056
46.129580
46.183105
46.236629
46.290154
46.343678
46.397203
46.450727
46.504252
46.557776
46.611301
46.664825
46.718350
46.771874
46.825399
46.878923
46.932448
46.985972
47.039497
47.039497
47.090587
47.141677
47.192767
47.243857
47.294947
47.346037
47.397127
47.448217
47.499307
47.550397
47.601487
47.652577
47.703667
47.754757
47.805847
47.856937
47.908027
47.959117
48.010207
48.061297
48.112387
48.163477
48.214567
48.265657
48.316747
48.367837
48.418927
48.470017
48.521107
48.572197
48.623287
48.674377
48.725467
48.776557
48.827647
48.878737
48.929827
48.980917
49.032007
49.083097
49.134187
49.185277
49.236367
49.287457
49.338547
49.389637
49.440727
49.491817
49.542907
49.593997
49.645087
49.696177
49.747267
49.798357
49.849447
49.900537
49.951627
50.002717
50.053807
50.104897
50.155987
50.207077
50.258167
50.258167
50.306635
50.355103
50.403571
50.452039
50.500507
50.548975
50.597443
50.645911
50.694379
50.742847
50.791315
50.839783
50.888251
50.936719
50.985187
51.033655
51.082123
51.130591
51.179059
51.227527
51.275995
51.324463
51.372931
51.421399
51.469867
51.518335
51.566803
51.615271
51.663739
51.712207
51.760675
51.809143
51.857611
51.906079
51.954547
52.003015
52.051483
52.099951
52.148419
52.196887
52.245355
52.293823
52.342291
52.390759
52.439227
52.487695
52.536163
52.584631
52.633099
52.681567
52.730035
52.778503
52.826971
52.875439
52.923907
52.972375
53.020843
53.069311
53.117779
53.166247
53.214715
53.263183
53.311651
53.311651
53.357319
53.402987
53.448655
53.494323
53.539991
53.585660
53.631328
53.676996
53.722664
53.768332
53.814000
53.859668
53.905336
53.951004
53.996673
54.042341
54.088009
54.133677
54.179345
54.225013
54.270681
54.316349
54.362017
54.407685
54.453354
54.499022
54.544690
54.590358
54.636026
54.681694
54.727362
54.773030
54.818698
54.864367
54.910035
54.955703
55.001371
55.047039
55.092707
55.138375
55.184043
55.229711
55.275380
55.321048
55.366716
55.412384
55.458052
55.503720
55.549388
55.595056
55.640724
55.686393
55.732061
55.777729
55.823397
55.869065
55.914733
55.960401
56.006069
56.051737
56.097406
56.143074
56.188742
56.188742
56.231442
56.274143
56.316844
56.359544
56.402245
56.444946
56.487646
56.530347
56.573047
56.615748
56.658449
56.701149
56.743850
56.786551
56.829251
56.871952
56.914652
56.957353
57.000054
57.042754
57.085455
57.128156
57.170856
57.213557
57.256257
57.298958
57.341659
57.384359
57.427060
57.469761
57.512461
57.555162
57.597862
57.640563
57.683264
57.725964
57.768665
57.811366
57.854066
57.896767
57.939468
57.982168
58.024869
58.067569
58.110270
58.152971
58.195671
58.238372
58.281073
58.323773
58.366474
58.409174
58.451875
58.494576
58.537276
58.579977
58.622678
58.665378
58.708079
58.750779
58.793480
58.836181
58.878881
58.878881
58.918458
58.958034
58.997611
59.037187
59.076763
59.116340
59.155916
59.195493
59.235069
59.274646
59.314222
59.353799
59.393375
59.432951
59.472528
59.512104
59.551681
59.591257
59.630834
59.670410
59.709986
59.749563
59.789139
59.828716
59.868292
59.907869
59.947445
59.987022
60.026598
60.066174
60.105751
60.145327
60.184904
60.224480
60.264057
60.303633
60.343209
60.382786
60.422362
60.461939
60.501515
60.541092
60.580668
60.620245
60.659821
60.699397
60.738974
60.778550
60.818127
60.857703
60.897280
60.936856
60.976432
61.016009
61.055585
61.095162
61.134738
61.174315
61.213891
61.253468
61.293044
61.332620
61.372197
61.372197
61.408504
61.444811
61.481118
61.517425
61.553732
61.590039
61.626346
61.662653
61.698960
61.735267
61.771574
61.807881
61.844188
61.880495
61.916802
61.953109
61.989416
62.025723
62.062030
62.098337
62.134644
62.170951
62.207258
62.243565
62.279872
62.316179
62.352486
62.388793
62.425100
62.461407
62.497714
62.534021
62.570328
62.606635
62.642942
62.679249
62.715556
62.751863
62.788170
62.824477
62.860784
62.897091
62.933398
62.969705
63.006012
63.042319
63.078626
63.114933
63.151240
63.187547
63.223854
63.260161
63.296468
63.332775
63.369082
63.405389
63.441696
63.478003
63.514310
63.550617
63.586924
63.623231
63.659538
63.659538
63.692442
63.725347
63.758251
63.791155
63.824060
63.856964
63.889868
63.922773
63.955677
63.988581
64.021486
64.054390
64.087294
64.120199
64.153103
64.186007
64.218912
64.251816
64.284720
64.317625
64.350529
64.383433
64.416338
64.449242
64.482146
64.515051
64.547955
64.580859
64.613764
64.646668
64.679572
64.712477
64.745381
64.778285
64.811190
64.844094
64.876998
64.909903
64.942807
64.975711
65.008616
65.041520
65.074424
65.107329
65.140233
65.173137
65.206042
65.238946
65.271850
65.304755
65.337659
65.370563
65.403468
65.436372
65.469276
65.502180
65.535085
65.567989
65.600893
65.633798
65.666702
65.699606
65.732511
65.732511
65.761892
65.791273
65.820653
65.850034
65.879415
65.908796
65.938177
65.967558
65.996939
66.026320
66.055701
66.085082
66.114462
66.143843
66.173224
66.202605
66.231986
66.261367
66.290748
66.320129
66.349510
66.378890
66.408271
66.437652
66.467033
66.496414
66.525795
66.555176
66.584557
66.613938
66.643319
66.672699
66.702080
66.731461
66.760842
66.790223
66.819604
66.848985
66.878366
66.907747
66.937127
66.966508
66.995889
67.025270
67.054651
67.084032
67.113413
67.142794
67.172175
67.201556
67.230936
67.260317
67.289698
67.319079
67.348460
67.377841
67.407222
67.436603
67.465984
67.495364
67.524745
67.554126
67.583507
67.583507
67.608854
67.634202
67.659549
67.684896
67.710244
67.735591
67.760938
67.786286
67.811633
67.836980
67.862327
67.887675
67.913022
67.938369
67.963717
67.989064
68.014411
68.039759
68.065106
68.090453
68.115800
68.141148
68.166495
68.191842
68.217190
68.242537
68.267884
68.293232
68.318579
68.343926
68.369273
68.394621
68.419968
68.445315
68.470663
68.496010
68.521357
68.546705
68.572052
68.597399
68.622746
68.648094
68.673441
68.698788
68.724136
68.749483
68.774830
68.800177
68.825525
68.850872
68.876219
68.901567
68.926914
68.952261
68.977609
69.002956
69.028303
69.053650
69.078998
69.104345
69.129692
69.155040
69.180387
69.205734
69.205734
69.227414
69.249094
69.270774
69.292453
69.314133
69.335813
69.357493
69.379172
69.400852
69.422532
69.444212
69.465891
69.487571
69.509251
69.530931
69.552610
69.574290
69.595970
69.617650
69.639329
69.661009
69.682689
69.704369
69.726048
69.747728
69.769408
69.791088
69.812767
69.834447
69.856127
69.877807
69.899486
69.921166
69.942846
69.964526
69.986205
70.007885
70.029565
70.051245
70.072925
70.094604
70.116284
70.137964
70.159644
70.181323
70.203003
70.224683
70.246363
70.268042
70.289722
70.311402
70.333082
70.354761
70.376441
70.398121
70.419801
70.441480
70.463160
70.484840
70.506520
70.528199
70.549879
70.571559
70.593239
70.593239
70.611171
70.629104
70.647037
70.664969
70.682902
70.700835
70.718767
70.736700
70.754632
70.772565
70.790498
70.808430
70.826363
70.844296
70.862228
70.880161
70.898094
70.916026
70.933959
70.951892
70.969824
70.987757
71.005690
71.023622
71.041555
71.059488
71.077420
71.095353
71.113285
71.131218
71.149151
71.167083
71.185016
71.202949
71.220881
71.238814
71.256747
71.274679
71.292612
71.310545
71.328477
71.346410
71.364343
71.382275
71.400208
71.418141
71.436073
71.454006
71.471938
71.489871
71.507804
71.525736
71.543669
71.561602
71.579534
71.597467
71.615400
71.633332
71.651265
71.669198
71.687130
71.705063
71.722996
71.740928
71.740928
71.755048
71.769168
71.783287
71.797407
71.811527
71.825647
71.839766
71.853886
71.868006
71.882126
71.896245
71.910365
71.924485
71.938605
71.952724
71.966844
71.980964
71.995083
72.009203
72.023323
72.037443
72.051562
72.065682
72.079802
72.093922
72.108041
72.122161
72.136281
72.150401
72.164520
72.178640
72.192760
72.206879
72.220999
72.235119
72.249239
72.263358
72.277478
72.291598
72.305718
72.319837
72.333957
72.348077
72.362197
72.376316
72.390436
72.404556
72.418675
72.432795
72.446915
72.461035
72.475154
72.489274
72.503394
72.517514
72.531633
72.545753
72.559873
72.573993
72.588112
72.602232
72.616352
72.630471
72.644591
72.644591
72.654846
72.665101
72.675356
72.685611
72.695866
72.706121
72.716376
72.726631
72.736886
72.747141
72.757396
72.767651
72.777906
72.788161
72.798416
72.808671
72.818926
72.829181
72.839436
72.849691
72.859946
72.870201
72.880456
72.890711
72.900966
72.911221
72.921476
72.931731
72.941986
72.952241
72.962496
72.972751
72.983006
72.993261
73.003516
73.013771
73.024026
73.034281
73.044536
73.054791
73.065046
73.075301
73.085556
73.095811
73.106066
73.116321
73.126576
73.136831
73.147086
73.157341
73.167596
73.177851
73.188106
73.198361
73.208616
73.218871
73.229126
73.239381
73.249636
73.259891
73.270146
73.280401
73.290656
73.300911
73.300911
73.307264
73.313616
73.319969
73.326322
73.332674
73.339027
73.345379
73.351732
73.358085
73.364437
73.370790
73.377143
73.383495
73.389848
73.396200
73.402553
73.408906
73.415258
73.421611
73.427964
73.434316
73.440669
73.447021
73.453374
73.459727
73.466079
73.472432
73.478785
73.485137
73.491490
73.497842
73.504195
73.510548
73.516900
73.523253
73.529606
73.535958
73.542311
73.548663
73.555016
73.561369
73.567721
73.574074
73.580427
73.586779
73.593132
73.599484
73.605837
73.612190
73.618542
73.624895
73.631248
73.637600
73.643953
73.650306
73.656658
73.663011
73.669363
73.675716
73.682069
73.688421
73.694774
73.701127
73.707479
73.707479
73.707544
73.707609
73.707673
73.707738
73.707803
73.707868
73.707932
73.707997
73.708062
73.708127
73.708191
73.708256
73.708321
73.708386
73.708450
73.708515
73.708580
73.708645
73.708709
73.708774
73.708839
73.708904
73.708968
73.709033
73.709098
73.709163
73.709227
73.709292
73.709357
73.709422
73.709486
73.709551
73.709616
73.709681
73.709745
73.709810
73.709875
73.709939
73.710004
73.710069
73.710134
73.710198
73.710263
73.710328
73.710393
73.710457
73.710522
73.710587
73.710652
73.710716
73.710781
73.710846
73.710911
73.710975
73.711040
73.711105
73.711170
73.711234
73.711299
73.711364
73.711429
73.711493
73.711558
73.711623
73.711688
73.711752
73.711817
73.711882
73.711947
73.712011
73.712076
73.712141
73.712206
73.712270
73.712335
73.712400
73.712465
73.712529
73.712594
73.712659
73.712724
73.712788
73.712853
73.712918
73.712983
73.713047
73.713112
73.713177
73.713242
73.713306
73.713371
73.713436
73.713500
73.713565
73.713630
73.713695
73.713759
73.713824
73.713889
73.713954
73.714018
73.714083
73.714148
73.714213
73.714277
73.714342
73.714407
73.714472
73.714536
73.714601
73.714666
73.714731
73.714795
73.714860
73.714925
73.714990
73.715054
73.715119
73.715184
73.715249
73.715313
73.715378
73.715443
73.715508
73.715572
73.715637
73.715702
73.715767
73.715831
73.715896
73.715961
73.716026
73.716090
73.716155
73.716220
73.716285
73.716349
73.716414
73.716479
73.716544
73.716608
73.716673
73.716738
73.716803
73.716867
73.716932
73.716997
73.717061
73.717126
73.717191
73.717256
73.717320
73.717385
73.717450
73.717515
73.717579
73.717644
73.717709
73.717774
73.717838
73.717903
73.717968
73.718033
73.718097
73.718162
73.718227
73.718292
73.718356
73.718421
73.718486
73.718551
73.718615
73.718680
73.718745
73.718810
73.718874
73.718939
73.719004
73.719069
73.719133
73.719198
73.719263
73.719328
73.719392
73.719457
73.719522
73.719587
73.719651
73.719716
73.719781
73.719846
73.719910
73.719975
73.720040
73.720105
73.720169
73.720234
73.720299
73.720364
73.720428
73.720493
73.720558
73.720622
73.720687
73.720752
73.720817
73.720881
73.720946
73.721011
73.721076
73.721140
73.721205
73.721270
73.721335
73.721399
73.721464
73.721529
73.721594
73.721658
73.721723
73.721788
73.721853
73.721917
73.721982
73.722047
73.722112
73.722176
73.722241
73.722306
73.722371
73.722435
73.722500
73.722565
73.722630
73.722694
73.722759
73.722824
73.722889
73.722953
73.723018
73.723083
73.723148
73.723212
73.723277
73.723342
73.723407
73.723471
73.723536
73.723601
73.723666
73.723730
73.723795
73.723860
73.723925
73.723989
73.724054
73.724119
73.724183
73.724248
73.724313
73.724378
73.724442
73.724507
73.724572
73.724637
73.724701
73.724766
73.724831
73.724896
73.724960
73.725025
73.725090
73.725155
73.725219
73.725284
73.725349
73.725414
73.725478
73.725543
73.725608
73.725673
73.725737
73.725802
73.725867
73.725932
73.725996
73.726061
73.726126
73.726191
73.726255
73.726320
73.726385
73.726450
73.726514
73.726579
73.726644
73.726709
73.726773
73.726838
73.726903
73.726968
73.727032
73.727097
73.727162
73.727227
73.727291
73.727356
73.727421
73.727486
73.727550
73.727615
73.727680
73.727744
73.727809
73.727874
73.727939
73.728003
73.728068
73.728133
73.728198
73.728262
73.728327
73.728392
73.728457
73.728521
73.728586
73.728651
73.728716
73.728780
73.728845
73.728910
73.728975
73.729039
73.729104
73.729169
73.729234
73.729298
73.729363
73.729428
73.729493
73.729557
73.729622
73.729687
73.729752
73.729816
73.729881
73.729946
73.730011
73.730075
73.730140
73.730205
73.730270
73.730334
73.730399
73.730464
73.730529
73.730593
73.730658
73.730723
73.730788
73.730852
73.730917
73.730982
73.731047
73.731111
73.731176
73.731241
73.731305
73.731370
73.731435
73.731500
73.731564
73.731629
73.731694
73.731759
73.731823
73.731888
73.731953
73.732018
73.732082
73.732147
73.732212
73.732277
73.732341
73.732406
73.732471
73.732536
73.732600
73.732665
73.732730
73.732795
73.732859
73.732924
73.732989
73.733054
73.733118
73.733183
73.733248
73.733313
73.733377
73.733442
73.733507
73.733572
73.733636
73.733701
73.733766
73.733831
73.733895
73.733960
73.734025
73.734090
73.734154
73.734219
73.734284
73.734349
73.734413
73.734478
73.734543
73.734608
73.734672
73.734737
73.734802
73.734866
73.734931
73.734996
73.735061
73.735125
73.735190
73.735255
73.735320
73.735384
73.735449
73.735514
73.735579
73.735643
73.735708
73.735773
73.735838
73.735902
73.735967
73.736032
73.736097
73.736161
73.736226
73.736291
73.736356
73.736420
73.736485
73.736550
73.736615
73.736679
73.736744
73.736809
73.736874
73.736938
73.737003
73.737068
73.737133
73.737197
73.737262
73.737327
73.737392
73.737456
73.737521
73.737586
73.737651
73.737715
73.737780
73.737845
73.737910
73.737974
73.738039
73.738104
73.738169
73.738233
73.738298
73.738363
73.738427
73.738492
73.738557
73.738622
73.738686
73.738751
73.738816
73.738881
73.738945
73.739010
73.739075
73.739140
73.739204
73.739269
73.739334
73.739399
73.739463
73.739528
73.739593
73.739658
73.739722
73.739787
73.739852
73.739917
73.739981
73.740046
73.740111
73.740176
73.740240
73.740305
73.740370
73.740435
73.740499
73.740564
73.740629
73.740694
73.740758
73.740823
73.740888
73.740953
73.741017
73.741082
73.741147
73.741212
73.741276
73.741341
73.741406
73.741471
73.741535
73.741600
73.741665
73.741730
73.741794
73.741859
73.741924
73.741988
73.742053
73.742118
73.742183
73.742247
73.742312
73.742377
73.742442
73.742506
73.742571
73.742636
73.742701
73.742765
73.742830
73.742895
73.742960
73.743024
73.743089
73.743154
73.743219
73.743283
73.743348
73.743413
73.743478
73.743542
73.743607
73.743672
73.743737
73.743801
73.743866
73.743931
73.743996
73.744060
73.744125
73.744190
73.744255
73.744319
73.744384
73.744449
73.744514
73.744578
73.744643
73.744708
73.744773
73.744837
73.744902
73.744967
73.745032
73.745096
73.745161
73.745226
73.745291
73.745355
73.745420
73.745485
73.745549
73.745614
73.745679
73.745744
73.745808
73.745873
73.745938
73.746003
73.746067
73.746132
73.746197
73.746262
73.746326
73.746391
73.746456
73.746521
73.746585
73.746650
73.746715
73.746780
73.746844
73.746909
73.746974
73.747039
73.747103
73.747168
73.747233
73.747298
73.747362
73.747427
73.747492
73.747557
73.747621
73.747686
73.747751
73.747816
73.747880
73.747945
73.748010
73.748075
73.748139
73.748204
73.748269
73.748334
73.748398
73.748463
73.748528
73.748593
73.748657
73.748722
73.748787
73.748852
73.748916
73.748981
73.749046
73.749110
73.749175
73.749240
73.749305
73.749369
73.749434
73.749499
73.749564
73.749628
73.749693
73.749758
73.749823
73.749887
73.749952
73.750017
73.750082
73.750146
73.750211
73.750276
73.750341
73.750405
73.750470
73.750535
73.750600
73.750664
73.750729
73.750794
73.750859
73.750923
73.750988
73.751053
73.751118
73.751182
73.751247
73.751312
73.751377
73.751441
73.751506
73.751571
73.751636
73.751700
73.751765
73.751830
73.751895
73.751959
73.752024
73.752089
73.752154
73.752218
73.752283
73.752348
73.752413
73.752477
73.752542
73.752607
73.752671
73.752736
73.752801
73.752866
73.752930
73.752995
73.753060
73.753125
73.753189
73.753254
73.753319
73.753384
73.753448
73.753513
73.753578
73.753643
73.753707
73.753772
73.753837
73.753902
73.753966
73.754031
73.754096
73.754161
73.754225
73.754290
73.754355
73.754420
73.754484
73.754549
73.754614
73.754679
73.754743
73.754808
73.754873
73.754938
73.755002
73.755067
73.755132
73.755197
73.755261
73.755326
73.755391
73.755456
73.755520
73.755585
73.755650
73.755715
73.755779
73.755844
73.755909
73.755974
73.756038
73.756103
73.756168
73.756232
73.756297
73.756362
73.756427
73.756491
73.756556
73.756621
73.756686
73.756750
73.756815
73.756880
73.756945
73.757009
73.757074
73.757139
73.757204
73.757268
73.757333
73.757398
73.757463
73.757527
73.757592
73.757657
73.757722
73.757786
73.757851
73.757916
73.757981
73.758045
73.758110
73.758175
73.758240
73.758304
73.758369
73.758434
73.758499
73.758563
73.758628
73.758693
73.758758
73.758822
73.758887
73.758952
73.759017
73.759081
73.759146
73.759211
73.759276
73.759340
73.759405
73.759470
73.759535
73.759599
73.759664
73.759729
73.759793
73.759858
73.759923
73.759988
73.760052
73.760117
73.760182
73.760247
73.760311
73.760376
73.760441
73.760506
73.760570
73.760635
73.760700
73.760765
73.760829
73.760894
73.760959
73.761024
73.761088
73.761153
73.761218
73.761283
73.761347
73.761412
73.761477
73.761542
73.761606
73.761671
73.761736
73.761801
73.761865
73.761930
73.761995
73.762060
73.762124
73.762189
73.762254
73.762319
73.762383
73.762448
73.762513
73.762578
73.762642
73.762707
73.762772
73.762837
73.762901
73.762966
73.763031
73.763096
73.763160
73.763225
73.763290
73.763354
73.763419
73.763484
73.763549
73.763613
73.763678
73.763743
73.763808
73.763872
73.763937
73.764002
73.764067
73.764131
73.764196
73.764261
73.764326
73.764390
73.764455
73.764520
73.764585
73.764649
73.764714
73.764779
73.764844
73.764908
73.764973
73.765038
73.765103
73.765167
73.765232
73.765297
73.765362
73.765426
73.765491
73.765556
73.765621
73.765685
73.765750
73.765815
73.765880
73.765944
73.766009
73.766074
73.766139
73.766203
73.766268
73.766333
73.766398
73.766462
73.766527
73.766592
73.766657
73.766721
73.766786
73.766851
73.766915
73.766980
73.767045
73.767110
73.767174
73.767239
73.767304
73.767369
73.767433
73.767498
73.767563
73.767628
73.767692
73.767757
73.767822
73.767887
73.767951
73.768016
73.768081
73.768146
73.768210
73.768275
73.768340
73.768405
73.768469
73.768534
73.768599
73.768664
73.768728
73.768793
73.768858
73.768923
73.768987
73.769052
73.769117
73.769182
73.769246
73.769311
73.769376
73.769441
73.769505
73.769570
73.769635
73.769700
73.769764
73.769829
73.769894
73.769959
73.770023
73.770088
73.770153
73.770218
73.770282
73.770347
73.770412
73.770476
73.770541
73.770606
73.770671
73.770735
73.770800
73.770865
73.770930
73.770994
73.771059
73.771124
73.771189
73.771253
73.771318
73.771383
73.771448
73.771512
73.771577
73.771642
73.771707
73.771771
73.771836
73.771901
73.771966
73.772030
73.772095
73.772160
73.772225
73.772289
73.772354
73.772419
73.772484
73.772548
73.772613
73.772678
73.772743
73.772807
73.772872
73.772937
73.773002
73.773066
73.773131
73.773196
73.773261
73.773325
73.773390
73.773455
73.773520
73.773584
73.773649
73.773714
73.773779
73.773843
73.773908
73.773973
73.774037
73.774102
73.774167
73.774232
73.774296
73.774361
73.774426
73.774491
73.774555
73.774620
73.774685
73.774750
73.774814
73.774879
73.774944
73.775009
73.775073
73.775138
73.775203
73.775268
73.775332
73.775397
73.775462
73.775527
73.775591
73.775656
73.775721
73.775786
73.775850
73.775915
73.775980
73.776045
73.776109
73.776174
73.776239
73.776304
73.776368
73.776433
73.776498
73.776563
73.776627
73.776692
73.776757
73.776822
73.776886
73.776951
73.777016
73.777081
73.777145
73.777210
73.777275
73.777340
73.777404
73.777469
73.777534
73.777598
73.777663
73.777728
73.777793
73.777857
73.777922
73.777987
73.778052
73.778116
73.778181
73.778246
73.778311
73.778375
73.778440
73.778505
73.778570
73.778634
73.778699
73.778764
73.778829
73.778893
73.778958
73.779023
73.779088
73.779152
73.779217
73.779282
73.779347
73.779411
73.779476
73.779541
73.779606
73.779670
73.779735
73.779800
73.779865
73.779929
73.779994
73.780059
73.780124
73.780188
73.780253
73.780318
73.780383
73.780447
73.780512
73.780577
73.780642
73.780706
73.780771
73.780836
73.780901
73.780965
73.781030
73.781095
73.781159
73.781224
73.781289
73.781354
73.781418
73.781483
73.781548
73.781613
73.781677
73.781742
73.781807
73.781872
73.781936
73.782001
73.782066
73.782131
73.782195
73.782260
73.782325
73.782390
73.782454
73.782519
73.782584
73.782649
73.782713
73.782778
73.782843
73.782908
73.782972
73.783037
73.783102
73.783167
73.783231
73.783296
73.783361
73.783426
73.783490
73.783555
73.783620
73.783685
73.783749
73.783814
73.783879
73.783944
73.784008
73.784073
73.784138
73.784203
73.784267
73.784332
73.784397
73.784462
73.784526
73.784591
73.784656
73.784720
73.784785
73.784850
73.784915
73.784979
73.785044
73.785109
73.785174
73.785238
73.785303
73.785368
73.785433
73.785497
73.785562
73.785627
73.785692
73.785756
73.785821
73.785886
73.785951
73.786015
73.786080
73.786145
73.786210
73.786274
73.786339
73.786404
73.786469
73.786533
73.786598
73.786663
73.786728
73.786792
73.786857
73.786922
73.786987
73.787051
73.787116
73.787181
73.787246
73.787310
73.787375
73.787440
73.787505
73.787569
73.787634
73.787699
73.787764
73.787828
73.787893
73.787958
73.788023
73.788087
73.788152
73.788217
73.788281
73.788346
73.788411
73.788476
73.788540
73.788605
73.788670
73.788735
73.788799
73.788864
73.788929
73.788994
73.789058
73.789123
73.789188
73.789253
73.789317
73.789382
73.789447
73.789512
73.789576
73.789641
73.789706
73.789771
73.789835
73.789900
73.789965
73.790030
73.790094
73.790159
73.790224
73.790289
73.790353
73.790418
73.790483
73.790548
73.790612
73.790677
73.790742
73.790807
73.790871
73.790936
73.791001
73.791066
73.791130
73.791195
73.791260
73.791325
73.791389
73.791454
73.791519
73.791584
73.791648
73.791713
73.791778
73.791842
73.791907
73.791972
73.792037
73.792101
73.792166
73.792231
73.792296
73.792360
73.792425
73.792490
73.792555
73.792619
73.792684
73.792749
73.792814
73.792878
73.792943
73.793008
73.793073
73.793137
73.793202
73.793267
73.793332
73.793396
73.793461
73.793526
73.793591
73.793655
73.793720
73.793785
73.793850
73.793914
73.793979
73.794044
73.794109
73.794173
73.794238
73.794303
73.794368
73.794432
73.794497
73.794562
73.794627
73.794691
73.794756
73.794821
73.794886
73.794950
73.795015
73.795080
73.795145
73.795209
73.795274
73.795339
73.795403
73.795468
73.795533
73.795598
73.795662
73.795727
73.795792
73.795857
73.795921
73.795986
73.796051
73.796116
73.796180
73.796245
73.796310
73.796375
73.796439
73.796504
73.796569
73.796634
73.796698
73.796763
73.796828
73.796893
73.796957
73.797022
73.797087
73.797152
73.797216
73.797281
73.797346
73.797411
73.797475
73.797540
73.797605
73.797670
73.797734
73.797799
73.797864
73.797929
73.797993
73.798058
73.798123
73.798188
73.798252
73.798317
73.798382
73.798447
73.798511
73.798576
73.798641
73.798706
73.798770
73.798835
73.798900
73.798964
73.799029
73.799094
73.799159
73.799223
73.799288
73.799353
73.799418
73.799482
73.799547
73.799612
73.799677
73.799741
73.799806
73.799871
73.799936
73.800000
73.800065
73.800130
73.800195
73.800259
73.800324
73.800389
73.800454
73.800518
73.800583
73.800648
73.800713
73.800777
73.800842
73.800907
73.800972
73.801036
73.801101
73.801166
73.801231
73.801295
73.801360
73.801425
73.801490
73.801554
73.801619
73.801684
73.801749
73.801813
73.801878
73.801943
73.802008
73.802072
73.802137
73.802202
73.802267
73.802331
73.802396
73.802461
73.802525
73.802590
73.802655
73.802720
73.802784
73.802849
73.802914
73.802979
73.803043
73.803108
73.803173
73.803238
73.803302
73.803367
73.803432
73.803497
73.803561
73.803626
73.803691
73.803756
73.803820
73.803885
73.803950
73.804015
73.804079
73.804144
73.804209
73.804274
73.804338
73.804403
73.804468
73.804533
73.804597
73.804662
73.804727
73.804792
73.804856
73.804921
73.804986
73.805051
73.805115
73.805180
73.805245
73.805310
73.805374
73.805439
73.805504
73.805569
73.805633
73.805698
73.805763
73.805828
73.805892
73.805957
73.806022
73.806086
73.806151
73.806216
73.806281
73.806345
73.806410
73.806475
73.806540
73.806604
73.806669
73.806734
73.806799
73.806863
73.806928
73.806993
73.807058
73.807122
73.807187
73.807252
73.807317
73.807381
73.807446
73.807511
73.807576
73.807640
73.807705
73.807770
73.807835
73.807899
73.807964
73.808029
73.808094
73.808158
73.808223
73.808288
73.808353
73.808417
73.808482
73.808547
73.808612
73.808676
73.808741
73.808806
73.808871
73.808935
73.809000
73.809065
73.809130
73.809194
73.809259
73.809324
73.809389
73.809453
73.809518
73.809583
73.809647
73.809712
73.809777
73.809842
73.809906
73.809971
73.810036
73.810101
73.810165
73.810230
73.810295
73.810360
73.810424
73.810489
73.810554
73.810619
73.810683
73.810748
73.810813
73.810878
73.810942
73.811007
73.811072
73.811137
73.811201
73.811266
73.811331
73.811396
73.811460
73.811525
73.811590
73.811655
73.811719
73.811784
73.811849
73.811914
73.811978
73.812043
73.812108
73.812173
73.812237
73.812302
73.812367
73.812432
73.812496
73.812561
73.812626
73.812691
73.812755
73.812820
73.812885
73.812950
73.813014
73.813079
73.813144
73.813208
73.813273
73.813338
73.813403
73.813467
73.813532
73.813597
73.813662
73.813726
73.813791
73.813856
73.813921
73.813985
73.814050
73.814115
73.814180
73.814244
73.814309
73.814374
73.814439
73.814503
73.814568
73.814633
73.814698
73.814762
73.814827
73.814892
73.814957
73.815021
73.815086
73.815151
73.815216
73.815280
73.815345
73.815410
73.815475
73.815539
73.815604
73.815669
73.815734
73.815798
73.815863
73.815928
73.815993
73.816057
73.816122
73.816187
73.816252
73.816316
73.816381
73.816446
73.816511
73.816575
73.816640
73.816705
73.816769
73.816834
73.816899
73.816964
73.817028
73.817093
73.817158
73.817223
73.817287
73.817352
73.817417
73.817482
73.817546
73.817611
73.817676
73.817741
73.817805
73.817870
73.817935
73.818000
73.818064
73.818129
73.818194
73.818259
73.818323
73.818388
73.818453
73.818518
73.818582
73.818647
73.818712
73.818777
73.818841
73.818906
73.818971
73.819036
73.819100
73.819165
73.819230
73.819295
73.819359
73.819424
73.819489
73.819554
73.819618
73.819683
73.819748
73.819813
73.819877
73.819942
73.820007
73.820072
73.820136
73.820201
73.820266
73.820330
73.820395
73.820460
73.820525
73.820589
73.820654
73.820719
73.820784
73.820848
73.820913
73.820978
73.821043
73.821107
73.821172
73.821237
73.821302
73.821366
73.821431
73.821496
73.821561
73.821625
73.821690
73.821755
73.821820
73.821884
73.821949
73.822014
73.822079
73.822143
73.822208
73.822273
73.822338
73.822402
73.822467
73.822532
73.822597
73.822661
73.822726
73.822791
73.822856
73.822920
73.822985
73.823050
73.823115
73.823179
73.823244
73.823309
73.823374
73.823438
73.823503
73.823568
73.823633
73.823697
73.823762
73.823827
73.823891
73.823956
73.824021
73.824086
73.824150
73.824215
73.824280
73.824345
73.824409
73.824474
73.824539
73.824604
73.824668
73.824733
73.824798
73.824863
73.824927
73.824992
73.825057
73.825122
73.825186
73.825251
73.825316
73.825381
73.825445
73.825510
73.825575
73.825640
73.825704
73.825769
73.825834
73.825899
73.825963
73.826028
73.826093
73.826158
73.826222
73.826287
73.826352
73.826417
73.826481
73.826546
73.826611
73.826676
73.826740
73.826805
73.826870
73.826935
73.826999
73.827064
73.827129
73.827194
73.827258
73.827323
73.827388
73.827452
73.827517
73.827582
73.827647
73.827711
73.827776
73.827841
73.827906
73.827970
73.828035
73.828100
73.828165
73.828229
73.828294
73.828359
73.828424
73.828488
73.828553
73.828618
73.828683
73.828747
73.828812
73.828877
73.828942
73.829006
73.829071
73.829136
73.829201
73.829265
73.829330
73.829395
73.829460
73.829524
73.829589
73.829654
73.829719
73.829783
73.829848
73.829913
73.829978
73.830042
73.830107
73.830172
73.830237
73.830301
73.830366
73.830431
73.830496
73.830560
73.830625
73.830690
73.830755
73.830819
73.830884
73.830949
73.831013
73.831078
73.831143
73.831208
73.831272
73.831337
73.831402
73.831467
73.831531
73.831596
73.831661
73.831726
73.831790
73.831855
73.831920
73.831985
73.832049
73.832114
73.832179
73.832244
73.832308
73.832373
73.832438
73.832503
73.832567
73.832632
73.832697
73.832762
73.832826
73.832891
73.832956
73.833021
73.833085
73.833150
73.833215
73.833280
73.833344
73.833409
73.833474
73.833539
73.833603
73.833668
73.833733
73.833798
73.833862
73.833927
73.833992
73.834057
73.834121
73.834186
73.834251
73.834316
73.834380
73.834445
73.834510
73.834574
73.834639
73.834704
73.834769
73.834833
73.834898
73.834963
73.835028
73.835092
73.835157
73.835222
73.835287
73.835351
73.835416
73.835481
73.835546
73.835610
73.835675
73.835740
73.835805
73.835869
73.835934
73.835999
73.836064
73.836128
73.836193
73.836258
73.836323
73.836387
73.836452
73.836517
73.836582
73.836646
73.836711
73.836776
73.836841
73.836905
73.836970
73.837035
73.837100
73.837164
73.837229
73.837294
73.837359
73.837423
73.837488
73.837553
73.837618
73.837682
73.837747
73.837812
73.837877
73.837941
73.838006
73.838071
73.838135
73.838200
73.838265
73.838330
73.838394
73.838459
73.838524
73.838589
73.838653
73.838718
73.838783
73.838848
73.838912
73.838977
73.839042
73.839107
73.839171
73.839236
73.839301
73.839366
73.839430
73.839495
73.839560
73.839625
73.839689
73.839754
73.839819
73.839884
73.839948
73.840013
73.840078
73.840143
73.840207
73.840272
73.840337
73.840402
73.840466
73.840531
73.840596
73.840661
73.840725
73.840790
73.840855
73.840920
73.840984
73.841049
73.841114
73.841179
73.841243
73.841308
73.841373
73.841438
73.841502
73.841567
73.841632
73.841696
73.841761
73.841826
73.841891
73.841955
73.842020
73.842085
73.842150
73.842214
73.842279
73.842344
73.842409
73.842473
73.842538
73.842603
73.842668
73.842732
73.842797
73.842862
73.842927
73.842991
73.843056
73.843121
73.843186
73.843250
73.843315
73.843380
73.843445
73.843509
73.843574
73.843639
73.843704
73.843768
73.843833
73.843898
73.843963
73.844027
73.844092
73.844157
73.844222
73.844286
73.844351
73.844416
73.844481
73.844545
73.844610
73.844675
73.844740
73.844804
73.844869
73.844934
73.844999
73.845063
73.845128
73.845193
73.845257
73.845322
73.845387
73.845452
73.845516
73.845581
73.845646
73.845711
73.845775
73.845840
73.845905
73.845970
73.846034
73.846099
73.846164
73.846229
73.846293
73.846358
73.846423
73.846488
73.846552
73.846617
73.846682
73.846747
73.846811
73.846876
73.846941
73.847006
73.847070
73.847135
73.847200
73.847265
73.847329
73.847394
73.847459
73.847524
73.847588
73.847653
73.847718
73.847783
73.847847
73.847912
73.847977
73.848042
73.848106
73.848171
73.848236
73.848301
73.848365
73.848430
73.848495
73.848560
73.848624
73.848689
73.848754
73.848818
73.848883
73.848948
73.849013
73.849077
73.849142
73.849207
73.849272
73.849336
73.849401
73.849466
73.849531
73.849595
73.849660
73.849725
73.849790
73.849854
73.849919
73.849984
73.850049
73.850113
73.850178
73.850243
73.850308
73.850372
73.850437
73.850502
73.850567
73.850631
73.850696
73.850761
73.850826
73.850890
73.850955
73.851020
73.851085
73.851149
73.851214
73.851279
73.851344
73.851408
73.851473
73.851538
73.851603
73.851667
73.851732
73.851797
73.851862
73.851926
73.851991
73.852056
73.852121
73.852185
73.852250
73.852315
73.852379
73.852444
73.852509
73.852574
73.852638
73.852703
73.852768
73.852833
73.852897
73.852962
73.853027
73.853092
73.853156
73.853221
73.853286
73.853351
73.853415
73.853480
73.853545
73.853610
73.853674
73.853739
73.853804
73.853869
73.853933
73.853998
73.854063
73.854128
73.854192
73.854257
73.854322
73.854387
73.854451
73.854516
73.854581
73.854646
73.854710
73.854775
73.854840
73.854905
73.854969
73.855034
73.855099
73.855164
73.855228
73.855293
73.855358
73.855423
73.855487
73.855552
73.855617
73.855682
73.855746
73.855811
73.855876
73.855940
73.856005
73.856070
73.856135
73.856199
73.856264
73.856329
73.856394
73.856458
73.856523
73.856588
73.856653
73.856717
73.856782
73.856847
73.856912
73.856976
73.857041
73.857106
73.857171
73.857235
73.857300
73.857365
73.857430
73.857494
73.857559
73.857624
73.857689
73.857753
73.857818
73.857883
73.857948
73.858012
73.858077
73.858142
73.858207
73.858271
73.858336
73.858401
73.858466
73.858530
73.858595
73.858660
73.858725
73.858789
73.858854
73.858919
73.858984
73.859048
73.859113
73.859178
73.859243
73.859307
73.859372
73.859437
73.859501
73.859566
73.859631
73.859696
73.859760
73.859825
73.859890
73.859955
73.860019
73.860084
73.860149
73.860214
73.860278
73.860343
73.860408
73.860473
73.860537
73.860602
73.860667
73.860732
73.860796
73.860861
73.860926
73.860991
73.861055
73.861120
73.861185
73.861250
73.861314
73.861379
73.861444
73.861509
73.861573
73.861638
73.861703
73.861768
73.861832
73.861897
73.861962
73.862027
73.862091
73.862156
73.862221
73.862286
73.862350
73.862415
73.862480
73.862545
73.862609
73.862674
73.862739
73.862804
73.862804
73.862384
73.861964
73.861545
73.861125
73.860706
73.860286
73.859867
73.859447
73.859028
73.858608
73.858189
73.857769
73.857350
73.856930
73.856511
73.856091
73.855672
73.855252
73.854833
73.854413
73.853994
73.853574
73.853155
73.852735
73.852316
73.851896
73.851476
73.851057
73.850637
73.850218
73.849798
73.849379
73.848959
73.848540
73.848120
73.847701
73.847281
73.846862
73.846442
73.846023
73.845603
73.845184
73.844764
73.844345
73.843925
73.843506
73.843086
73.842667
73.842247
73.841828
73.841408
73.840989
73.840569
73.840149
73.839730
73.839310
73.838891
73.838471
73.838052
73.837632
73.837213
73.836793
73.836374
73.835954
73.835535
73.835115
73.834696
73.834276
73.833857
73.833437
73.833018
73.832598
73.832179
73.831759
73.831340
73.830920
73.830501
73.830081
73.829661
73.829242
73.828822
73.828403
73.827983
73.827564
73.827144
73.826725
73.826305
73.825886
73.825466
73.825047
73.824627
73.824208
73.823788
73.823369
73.822949
73.822530
73.822110
73.821691
73.821271
73.820852
73.820432
73.820013
73.819593
73.819174
73.818754
73.818334
73.817915
73.817495
73.817076
73.816656
73.816237
73.815817
73.815398
73.814978
73.814559
73.814139
73.813720
73.813300
73.812881
73.812461
73.812042
73.811622
73.811203
73.810783
73.810364
73.809944
73.809525
73.809105
73.808686
73.808266
73.807846
73.807427
73.807007
73.806588
73.806168
73.805749
73.805329
73.804910
73.804490
73.804071
73.803651
73.803232
73.802812
73.802393
73.801973
73.801554
73.801134
73.800715
73.800295
73.799876
73.799456
73.799037
73.798617
73.798198
73.797778
73.797358
73.796939
73.796519
73.796100
73.795680
73.795261
73.794841
73.794422
73.794002
73.793583
73.793163
73.792744
73.792324
73.791905
73.791485
73.791066
73.790646
73.790227
73.789807
73.789388
73.788968
73.788549
73.788129
73.787710
73.787290
73.786871
73.786451
73.786031
73.785612
73.785192
73.784773
73.784353
73.783934
73.783514
73.783095
73.782675
73.782256
73.781836
73.781417
73.780997
73.780578
73.780158
73.779739
73.779319
73.778900
73.778480
73.778061
73.777641
73.777222
73.776802
73.776383
73.775963
73.775543
73.775124
73.774704
73.774285
73.773865
73.773446
73.773026
73.772607
73.772187
73.771768
73.771348
73.770929
73.770509
73.770090
73.769670
73.769251
73.768831
73.768412
73.767992
73.767573
73.767153
73.766734
73.766314
73.766314
73.764801
73.763288
73.761776
73.760263
73.758750
73.757237
73.755724
73.754211
73.752699
73.751186
73.749673
73.748160
73.746647
73.745135
73.743622
73.742109
73.740596
73.739083
73.737570
73.736058
73.734545
73.733032
73.731519
73.730006
73.728494
73.726981
73.725468
73.723955
73.722442
73.720929
73.719417
73.717904
73.716391
73.714878
73.713365
73.711852
73.710340
73.708827
73.707314
73.705801
73.704288
73.702776
73.701263
73.699750
73.698237
73.696724
73.695211
73.693699
73.692186
73.690673
73.689160
73.687647
73.686134
73.684622
73.683109
73.681596
73.680083
73.678570
73.677058
73.675545
73.674032
73.672519
73.671006
73.669493
73.667981
73.666468
73.664955
73.663442
73.661929
73.660416
73.658904
73.657391
73.655878
73.654365
73.652852
73.651340
73.649827
73.648314
73.646801
73.645288
73.643775
73.642263
73.640750
73.639237
73.637724
73.636211
73.634699
73.633186
73.631673
73.630160
73.628647
73.627134
73.625622
73.624109
73.622596
73.621083
73.619570
73.618057
73.616545
73.615032
73.613519
73.612006
73.610493
73.608981
73.607468
73.605955
73.604442
73.602929
73.601416
73.599904
73.598391
73.596878
73.595365
73.593852
73.592339
73.590827
73.589314
73.587801
73.586288
73.584775
73.583263
73.581750
73.580237
73.578724
73.577211
73.575698
73.574186
73.572673
73.571160
73.569647
73.568134
73.566622
73.565109
73.563596
73.562083
73.560570
73.559057
73.557545
73.556032
73.554519
73.553006
73.551493
73.549980
73.548468
73.546955
73.545442
73.543929
73.542416
73.540904
73.539391
73.537878
73.536365
73.534852
73.533339
73.531827
73.530314
73.528801
73.527288
73.525775
73.524262
73.522750
73.521237
73.519724
73.518211
73.516698
73.515186
73.513673
73.512160
73.510647
73.509134
73.507621
73.506109
73.504596
73.503083
73.501570
73.500057
73.498544
73.497032
73.495519
73.494006
73.492493
73.490980
73.489468
73.487955
73.486442
73.484929
73.483416
73.481903
73.480391
73.478878
73.477365
73.475852
73.474339
73.472827
73.471314
73.469801
73.468288
73.466775
73.465262
73.463750
73.462237
73.460724
73.459211
73.457698
73.456185
73.454673
73.453160
73.451647
73.450134
73.448621
73.447109
73.445596
73.444083
73.442570
73.441057
73.439544
73.438032
73.436519
73.435006
73.433493
73.431980
73.430467
73.428955
73.427442
73.425929
73.424416
73.422903
73.421391
73.419878
73.418365
73.418365
73.419167
73.419969
73.420772
73.421574
73.422376
73.423178
73.423981
73.424783
73.425585
73.426387
73.427190
73.427992
73.428794
73.429596
73.430398
73.431201
73.432003
73.432805
73.433607
73.434410
73.435212
73.436014
73.436816
73.437619
73.438421
73.439223
73.440025
73.440828
73.441630
73.442432
73.443234
73.444037
73.444839
73.445641
73.446443
73.447246
73.448048
73.448850
73.449652
73.450454
73.451257
73.452059
73.452861
73.453663
73.454466
73.455268
73.456070
73.456872
73.457675
73.458477
73.459279
73.460081
73.460884
73.461686
73.462488
73.463290
73.464093
73.464895
73.465697
73.466499
73.467301
73.468104
73.468906
73.469708
73.470510
73.471313
73.472115
73.472917
73.473719
73.474522
73.475324
73.476126
73.476928
73.477731
73.478533
73.479335
73.480137
73.480940
73.481742
73.482544
73.483346
73.484149
73.484951
73.485753
73.486555
73.487357
73.488160
73.488962
73.489764
73.490566
73.491369
73.492171
73.492973
73.493775
73.494578
73.495380
73.496182
73.496984
73.497787
73.498589
73.499391
73.500193
73.500996
73.501798
73.502600
73.503402
73.504204
73.505007
73.505809
73.506611
73.507413
73.508216
73.509018
73.509820
73.510622
73.511425
73.512227
73.513029
73.513831
73.514634
73.515436
73.516238
73.517040
73.517843
73.518645
73.519447
73.520249
73.521052
73.521854
73.522656
73.523458
73.524260
73.525063
73.525865
73.526667
73.527469
73.528272
73.529074
73.529876
73.530678
73.531481
73.532283
73.533085
73.533887
73.534690
73.535492
73.536294
73.537096
73.537899
73.538701
73.539503
73.540305
73.541107
73.541910
73.542712
73.543514
73.544316
73.545119
73.545921
73.546723
73.547525
73.548328
73.549130
73.549932
73.550734
73.551537
73.552339
73.553141
73.553943
73.554746
73.555548
73.556350
73.557152
73.557954
73.558757
73.559559
73.560361
73.561163
73.561966
73.562768
73.563570
73.564372
73.565175
73.565977
73.566779
73.567581
73.568384
73.569186
73.569988
73.570790
73.571593
73.572395
73.573197
73.573999
73.574802
73.575604
73.576406
73.577208
73.578010
73.578813
73.579615
73.580417
73.581219
73.582022
73.582824
73.583626
73.584428
73.585231
73.586033
73.586835
73.587637
73.588440
73.589242
73.590044
73.590846
73.591649
73.592451
73.593253
73.594055
73.594857
73.595660
73.596462
73.597264
73.598066
73.598869
73.599671
73.600473
73.601275
73.602078
73.602880
73.602880
73.607592
73.612304
73.617017
73.621729
73.626441
73.631154
73.635866
73.640578
73.645290
73.650003
73.654715
73.659427
73.664140
73.668852
73.673564
73.678276
73.682989
73.687701
73.692413
73.697126
73.701838
73.706550
73.711262
73.715975
73.720687
73.725399
73.730112
73.734824
73.739536
73.744248
73.748961
73.753673
73.758385
73.763097
73.767810
73.772522
73.777234
73.781947
73.786659
73.791371
73.796083
73.800796
73.805508
73.810220
73.814933
73.819645
73.824357
73.829069
73.833782
73.838494
73.843206
73.847919
73.852631
73.857343
73.862055
73.866768
73.871480
73.876192
73.880905
73.885617
73.890329
73.895041
73.899754
73.904466
73.909178
73.913891
73.918603
73.923315
73.928027
73.932740
73.937452
73.942164
73.946876
73.951589
73.956301
73.961013
73.965726
73.970438
73.975150
73.979862
73.984575
73.989287
73.993999
73.998712
74.003424
74.008136
74.012848
74.017561
74.022273
74.026985
74.031698
74.036410
74.041122
74.045834
74.050547
74.055259
74.059971
74.064684
74.069396
74.074108
74.078820
74.083533
74.088245
74.092957
74.097670
74.102382
74.107094
74.111806
74.116519
74.121231
74.125943
74.130656
74.135368
74.140080
74.144792
74.149505
74.154217
74.158929
74.163641
74.168354
74.173066
74.177778
74.182491
74.187203
74.191915
74.196627
74.201340
74.206052
74.210764
74.215477
74.220189
74.224901
74.229613
74.234326
74.239038
74.243750
74.248463
74.253175
74.257887
74.262599
74.267312
74.272024
74.276736
74.281449
74.286161
74.290873
74.295585
74.300298
74.305010
74.309722
74.314435
74.319147
74.323859
74.328571
74.333284
74.337996
74.342708
74.347420
74.352133
74.356845
74.361557
74.366270
74.370982
74.375694
74.380406
74.385119
74.389831
74.394543
74.399256
74.403968
74.408680
74.413392
74.418105
74.422817
74.427529
74.432242
74.436954
74.441666
74.446378
74.451091
74.455803
74.460515
74.465228
74.469940
74.474652
74.479364
74.484077
74.488789
74.493501
74.498214
74.502926
74.507638
74.512350
74.517063
74.521775
74.526487
74.531199
74.535912
74.540624
74.545336
74.550049
74.554761
74.559473
74.564185
74.568898
74.573610
74.578322
74.583035
74.587747
74.592459
74.597171
74.601884
74.606596
74.611308
74.616021
74.620733
74.625445
74.630157
74.634870
74.639582
74.644294
74.649007
74.653719
74.658431
74.663143
74.667856
74.672568
74.677280
74.681993
74.686705
74.686705
74.690310
74.693914
74.697519
74.701124
74.704728
74.708333
74.711938
74.715542
74.719147
74.722752
74.726357
74.729961
74.733566
74.737171
74.740775
74.744380
74.747985
74.751590
74.755194
74.758799
74.762404
74.766008
74.769613
74.773218
74.776823
74.780427
74.784032
74.787637
74.791241
74.794846
74.798451
74.802056
74.805660
74.809265
74.812870
74.816474
74.820079
74.823684
74.827288
74.830893
74.834498
74.838103
74.841707
74.845312
74.848917
74.852521
74.856126
74.859731
74.863336
74.866940
74.870545
74.874150
74.877754
74.881359
74.884964
74.888569
74.892173
74.895778
74.899383
74.902987
74.906592
74.910197
74.913802
74.917406
74.921011
74.924616
74.928220
74.931825
74.935430
74.939034
74.942639
74.946244
74.949849
74.953453
74.957058
74.960663
74.964267
74.967872
74.971477
74.975082
74.978686
74.982291
74.985896
74.989500
74.993105
74.996710
75.000315
75.003919
75.007524
75.011129
75.014733
75.018338
75.021943
75.025547
75.029152
75.032757
75.036362
75.039966
75.043571
75.047176
75.050780
75.054385
75.057990
75.061595
75.065199
75.068804
75.072409
75.076013
75.079618
75.083223
75.086828
75.090432
75.094037
75.097642
75.101246
75.104851
75.108456
75.112061
75.115665
75.119270
75.122875
75.126479
75.130084
75.133689
75.137293
75.140898
75.144503
75.148108
75.151712
75.155317
75.158922
75.162526
75.166131
75.169736
75.173341
75.176945
75.180550
75.184155
75.187759
75.191364
75.194969
75.198574
75.202178
75.205783
75.209388
75.212992
75.216597
75.220202
75.223807
75.227411
75.231016
75.234621
75.238225
75.241830
75.245435
75.249039
75.252644
75.256249
75.259854
75.263458
75.267063
75.270668
75.274272
75.277877
75.281482
75.285087
75.288691
75.292296
75.295901
75.299505
75.303110
75.306715
75.310320
75.313924
75.317529
75.321134
75.324738
75.328343
75.331948
75.335552
75.339157
75.342762
75.346367
75.349971
75.353576
75.357181
75.360785
75.364390
75.367995
75.371600
75.375204
75.378809
75.382414
75.386018
75.389623
75.393228
75.396833
75.400437
75.404042
75.407647
75.411251
75.414856
75.418461
75.422066
75.425670
75.429275
75.432880
75.436484
75.440089
75.443694
75.447298
75.450903
75.454508
75.458113
75.461717
75.465322
75.468927
75.472531
75.476136
75.479741
75.483346
75.486950
75.490555
75.494160
75.497764
75.501369
75.504974
75.508579
75.512183
75.515788
75.515788
75.518272
75.520756
75.523240
75.525724
75.528207
75.530691
75.533175
75.535659
75.538143
75.540627
75.543111
75.545595
75.548079
75.550563
75.553047
75.555530
75.558014
75.560498
75.562982
75.565466
75.567950
75.570434
75.572918
75.575402
75.577886
75.580370
75.582853
75.585337
75.587821
75.590305
75.592789
75.595273
75.597757
75.600241
75.602725
75.605209
75.607693
75.610176
75.612660
75.615144
75.617628
75.620112
75.622596
75.625080
75.627564
75.630048
75.632532
75.635016
75.637499
75.639983
75.642467
75.644951
75.647435
75.649919
75.652403
75.654887
75.657371
75.659855
75.662338
75.664822
75.667306
75.669790
75.672274
75.674758
75.677242
75.679726
75.682210
75.684694
75.687178
75.689661
75.692145
75.694629
75.697113
75.699597
75.702081
75.704565
75.707049
75.709533
75.712017
75.714501
75.716984
75.719468
75.721952
75.724436
75.726920
75.729404
75.731888
75.734372
75.736856
75.739340
75.741824
75.744307
75.746791
75.749275
75.751759
75.754243
75.756727
75.759211
75.761695
75.764179
75.766663
75.769146
75.771630
75.774114
75.776598
75.779082
75.781566
75.784050
75.786534
75.789018
75.791502
75.793986
75.796469
75.798953
75.801437
75.803921
75.806405
75.808889
75.811373
75.813857
75.816341
75.818825
75.821309
75.823792
75.826276
75.828760
75.831244
75.833728
75.836212
75.838696
75.841180
75.843664
75.846148
75.848632
75.851115
75.853599
75.856083
75.858567
75.861051
75.863535
75.866019
75.868503
75.870987
75.873471
75.875955
75.878438
75.880922
75.883406
75.885890
75.888374
75.890858
75.893342
75.895826
75.898310
75.900794
75.903277
75.905761
75.908245
75.910729
75.913213
75.915697
75.918181
75.920665
75.923149
75.925633
75.928117
75.930600
75.933084
75.935568
75.938052
75.940536
75.943020
75.945504
75.947988
75.950472
75.952956
75.955440
75.957923
75.960407
75.962891
75.965375
75.967859
75.970343
75.972827
75.975311
75.977795
75.980279
75.982763
75.985246
75.987730
75.990214
75.992698
75.995182
75.997666
76.000150
76.002634
76.005118
76.007602
76.010085
76.012569
76.015053
76.017537
76.020021
76.022505
76.024989
76.027473
76.029957
76.032441
76.034925
76.037408
76.039892
76.042376
76.044860
76.047344
76.049828
76.052312
76.054796
76.057280
76.059764
76.062248
76.064731
76.067215
76.069699
76.072183
76.074667
76.077151
76.079635
76.082119
76.084603
76.087087
76.087087
76.088441
76.089795
76.091149
76.092503
76.093857
76.095211
76.096565
76.097919
76.099273
76.100627
76.101981
76.103334
76.104688
76.106042
76.107396
76.108750
76.110104
76.111458
76.112812
76.114166
76.115520
76.116874
76.118228
76.119582
76.120936
76.122290
76.123644
76.124998
76.126352
76.127706
76.129060
76.130414
76.131768
76.133122
76.134476
76.135830
76.137184
76.138538
76.139892
76.141246
76.142600
76.143954
76.145308
76.146662
76.148016
76.149370
76.150724
76.152078
76.153432
76.154786
76.156140
76.157494
76.158848
76.160202
76.161556
76.162910
76.164264
76.165618
76.166972
76.168326
76.169680
76.171034
76.172388
76.173742
76.175096
76.176450
76.177804
76.179158
76.180512
76.181866
76.183220
76.184574
76.185928
76.187282
76.188636
76.189990
76.191344
76.192698
76.194052
76.195406
76.196760
76.198114
76.199468
76.200822
76.202176
76.203530
76.204884
76.206238
76.207592
76.208946
76.210300
76.211654
76.213008
76.214362
76.215716
76.217070
76.218424
76.219778
76.221132
76.222486
76.223840
76.225194
76.226548
76.227902
76.229256
76.230609
76.231963
76.233317
76.234671
76.236025
76.237379
76.238733
76.240087
76.241441
76.242795
76.244149
76.245503
76.246857
76.248211
76.249565
76.250919
76.252273
76.253627
76.254981
76.256335
76.257689
76.259043
76.260397
76.261751
76.263105
76.264459
76.265813
76.267167
76.268521
76.269875
76.271229
76.272583
76.273937
76.275291
76.276645
76.277999
76.279353
76.280707
76.282061
76.283415
76.284769
76.286123
76.287477
76.288831
76.290185
76.291539
76.292893
76.294247
76.295601
76.296955
76.298309
76.299663
76.301017
76.302371
76.303725
76.305079
76.306433
76.307787
76.309141
76.310495
76.311849
76.313203
76.314557
76.315911
76.317265
76.318619
76.319973
76.321327
76.322681
76.324035
76.325389
76.326743
76.328097
76.329451
76.330805
76.332159
76.333513
76.334867
76.336221
76.337575
76.338929
76.340283
76.341637
76.342991
76.344345
76.345699
76.347053
76.348407
76.349761
76.351115
76.352469
76.353823
76.355177
76.356531
76.357885
76.359238
76.360592
76.361946
76.363300
76.364654
76.366008
76.367362
76.368716
76.370070
76.371424
76.372778
76.374132
76.375486
76.376840
76.378194
76.379548
76.380902
76.382256
76.383610
76.384964
76.386318
76.387672
76.389026
76.390380
76.391734
76.393088
76.394442
76.395796
76.397150
76.398504
76.398504
76.398723
76.398942
76.399161
76.399381
76.399600
76.399819
76.400038
76.400257
76.400476
76.400695
76.400914
76.401133
76.401353
76.401572
76.401791
76.402010
76.402229
76.402448
76.402667
76.402886
76.403105
76.403324
76.403544
76.403763
76.403982
76.404201
76.404420
76.404639
76.404858
76.405077
76.405296
76.405515
76.405735
76.405954
76.406173
76.406392
76.406611
76.406830
76.407049
76.407268
76.407487
76.407706
76.407926
76.408145
76.408364
76.408583
76.408802
76.409021
76.409240
76.409459
76.409678
76.409898
76.410117
76.410336
76.410555
76.410774
76.410993
76.411212
76.411431
76.411650
76.411869
76.412089
76.412308
76.412527
76.412746
76.412965
76.413184
76.413403
76.413622
76.413841
76.414060
76.414280
76.414499
76.414718
76.414937
76.415156
76.415375
76.415594
76.415813
76.416032
76.416252
76.416471
76.416690
76.416909
76.417128
76.417347
76.417566
76.417785
76.418004
76.418223
76.418443
76.418662
76.418881
76.419100
76.419319
76.419538
76.419757
76.419976
76.420195
76.420414
76.420634
76.420853
76.421072
76.421291
76.421510
76.421729
76.421948
76.422167
76.422386
76.422605
76.422825
76.423044
76.423263
76.423482
76.423701
76.423920
76.424139
76.424358
76.424577
76.424797
76.425016
76.425235
76.425454
76.425673
76.425892
76.426111
76.426330
76.426549
76.426768
76.426988
76.427207
76.427426
76.427645
76.427864
76.428083
76.428302
76.428521
76.428740
76.428959
76.429179
76.429398
76.429617
76.429836
76.430055
76.430274
76.430493
76.430712
76.430931
76.431150
76.431370
76.431589
76.431808
76.432027
76.432246
76.432465
76.432684
76.432903
76.433122
76.433342
76.433561
76.433780
76.433999
76.434218
76.434437
76.434656
76.434875
76.435094
76.435313
76.435533
76.435752
76.435971
76.436190
76.436409
76.436628
76.436847
76.437066
76.437285
76.437504
76.437724
76.437943
76.438162
76.438381
76.438600
76.438819
76.439038
76.439257
76.439476
76.439695
76.439915
76.440134
76.440353
76.440572
76.440791
76.441010
76.441229
76.441448
76.441667
76.441887
76.442106
76.442325
76.442544
76.442763
76.442982
76.443201
76.443420
76.443639
76.443858
76.444078
76.444297
76.444516
76.444735
76.444954
76.445173
76.445392
76.445611
76.445830
76.446049
76.446269
76.446488
76.446707
76.446926
76.447145
76.447364
76.447583
76.447802
76.448021
76.448240
76.448460
76.448679
76.448898
76.448898
76.447981
76.447065
76.446148
76.445231
76.444315
76.443398
76.442482
76.441565
76.440648
76.439732
76.438815
76.437899
76.436982
76.436066
76.435149
76.434232
76.433316
76.432399
76.431483
76.430566
76.429649
76.428733
76.427816
76.426900
76.425983
76.425066
76.424150
76.423233
76.422317
76.421400
76.420484
76.419567
76.418650
76.417734
76.416817
76.415901
76.414984
76.414067
76.413151
76.412234
76.411318
76.410401
76.409484
76.408568
76.407651
76.406735
76.405818
76.404902
76.403985
76.403068
76.402152
76.401235
76.400319
76.399402
76.398485
76.397569
76.396652
76.395736
76.394819
76.393902
76.392986
76.392069
76.391153
76.390236
76.389320
76.388403
76.387486
76.386570
76.385653
76.384737
76.383820
76.382903
76.381987
76.381070
76.380154
76.379237
76.378320
76.377404
76.376487
76.375571
76.374654
76.373738
76.372821
76.371904
76.370988
76.370071
76.369155
76.368238
76.367321
76.366405
76.365488
76.364572
76.363655
76.362738
76.361822
76.360905
76.359989
76.359072
76.358156
76.357239
76.356322
76.355406
76.354489
76.353573
76.352656
76.351739
76.350823
76.349906
76.348990
76.348073
76.347156
76.346240
76.345323
76.344407
76.343490
76.342574
76.341657
76.340740
76.339824
76.338907
76.337991
76.337074
76.336157
76.335241
76.334324
76.333408
76.332491
76.331574
76.330658
76.329741
76.328825
76.327908
76.326992
76.326075
76.325158
76.324242
76.323325
76.322409
76.321492
76.320575
76.319659
76.318742
76.317826
76.316909
76.315992
76.315076
76.314159
76.313243
76.312326
76.311410
76.310493
76.309576
76.308660
76.307743
76.306827
76.305910
76.304993
76.304077
76.303160
76.302244
76.301327
76.300410
76.299494
76.298577
76.297661
76.296744
76.295828
76.294911
76.293994
76.293078
76.292161
76.291245
76.290328
76.289411
76.288495
76.287578
76.286662
76.285745
76.284828
76.283912
76.282995
76.282079
76.281162
76.280246
76.279329
76.278412
76.277496
76.276579
76.275663
76.274746
76.273829
76.272913
76.271996
76.271080
76.270163
76.269246
76.268330
76.267413
76.266497
76.265580
76.264664
76.263747
76.262830
76.261914
76.260997
76.260081
76.259164
76.258247
76.257331
76.256414
76.255498
76.254581
76.253664
76.252748
76.251831
76.250915
76.249998
76.249082
76.248165
76.247248
76.246332
76.245415
76.244499
76.243582
76.242665
76.241749
76.240832
76.239916
76.238999
76.238082
76.238082
76.236034
76.233985
76.231936
76.229887
76.227838
76.225789
76.223740
76.221691
76.219642
76.217593
76.215544
76.213495
76.211447
76.209398
76.207349
76.205300
76.203251
76.201202
76.199153
76.197104
76.195055
76.193006
76.190957
76.188909
76.186860
76.184811
76.182762
76.180713
76.178664
76.176615
76.174566
76.172517
76.170468
76.168419
76.166370
76.164322
76.162273
76.160224
76.158175
76.156126
76.154077
76.152028
76.149979
76.147930
76.145881
76.143832
76.141783
76.139735
76.137686
76.135637
76.133588
76.131539
76.129490
76.127441
76.125392
76.123343
76.121294
76.119245
76.117196
76.115148
76.113099
76.111050
76.109001
76.106952
76.104903
76.102854
76.100805
76.098756
76.096707
76.094658
76.092609
76.090561
76.088512
76.086463
76.084414
76.082365
76.080316
76.078267
76.076218
76.074169
76.072120
76.070071
76.068022
76.065974
76.063925
76.061876
76.059827
76.057778
76.055729
76.053680
76.051631
76.049582
76.047533
76.045484
76.043436
76.041387
76.039338
76.037289
76.035240
76.033191
76.031142
76.029093
76.027044
76.024995
76.022946
76.020897
76.018849
76.016800
76.014751
76.012702
76.010653
76.008604
76.006555
76.004506
76.002457
76.000408
75.998359
75.996310
75.994262
75.992213
75.990164
75.988115
75.986066
75.984017
75.981968
75.979919
75.977870
75.975821
75.973772
75.971723
75.969675
75.967626
75.965577
75.963528
75.961479
75.959430
75.957381
75.955332
75.953283
75.951234
75.949185
75.947136
75.945088
75.943039
75.940990
75.938941
75.936892
75.934843
75.932794
75.930745
75.928696
75.926647
75.924598
75.922549
75.920501
75.918452
75.916403
75.914354
75.912305
75.910256
75.908207
75.906158
75.904109
75.902060
75.900011
75.897963
75.895914
75.893865
75.891816
75.889767
75.887718
75.885669
75.883620
75.881571
75.879522
75.877473
75.875424
75.873376
75.871327
75.869278
75.867229
75.865180
75.863131
75.861082
75.859033
75.856984
75.854935
75.852886
75.850837
75.848789
75.846740
75.844691
75.842642
75.840593
75.838544
75.836495
75.834446
75.832397
75.830348
75.828299
75.826250
75.824202
75.822153
75.820104
75.818055
75.816006
75.813957
75.811908
75.809859
75.807810
75.805761
75.803712
75.801663
75.799615
75.797566
75.795517
75.793468
75.791419
75.789370
75.787321
75.785272
75.783223
75.781174
75.779125
75.777077
75.775028
75.772979
75.770930
75.768881
75.766832
75.766832
75.763658
75.760484
75.757311
75.754137
75.750963
75.747790
75.744616
75.741442
75.738268
75.735095
75.731921
75.728747
75.725574
75.722400
75.719226
75.716052
75.712879
75.709705
75.706531
75.703357
75.700184
75.697010
75.693836
75.690663
75.687489
75.684315
75.681141
75.677968
75.674794
75.671620
75.668447
75.665273
75.662099
75.658925
75.655752
75.652578
75.649404
75.646230
75.643057
75.639883
75.636709
75.633536
75.630362
75.627188
75.624014
75.620841
75.617667
75.614493
75.611319
75.608146
75.604972
75.601798
75.598625
75.595451
75.592277
75.589103
75.585930
75.582756
75.579582
75.576409
75.573235
75.570061
75.566887
75.563714
75.560540
75.557366
75.554192
75.551019
75.547845
75.544671
75.541498
75.538324
75.535150
75.531976
75.528803
75.525629
75.522455
75.519282
75.516108
75.512934
75.509760
75.506587
75.503413
75.500239
75.497065
75.493892
75.490718
75.487544
75.484371
75.481197
75.478023
75.474849
75.471676
75.468502
75.465328
75.462154
75.458981
75.455807
75.452633
75.449460
75.446286
75.443112
75.439938
75.436765
75.433591
75.430417
75.427244
75.424070
75.420896
75.417722
75.414549
75.411375
75.408201
75.405027
75.401854
75.398680
75.395506
75.392333
75.389159
75.385985
75.382811
75.379638
75.376464
75.373290
75.370117
75.366943
75.363769
75.360595
75.357422
75.354248
75.351074
75.347900
75.344727
75.341553
75.338379
75.335206
75.332032
75.328858
75.325684
75.322511
75.319337
75.316163
75.312990
75.309816
75.306642
75.303468
75.300295
75.297121
75.293947
75.290773
75.287600
75.284426
75.281252
75.278079
75.274905
75.271731
75.268557
75.265384
75.262210
75.259036
75.255862
75.252689
75.249515
75.246341
75.243168
75.239994
75.236820
75.233646
75.230473
75.227299
75.224125
75.220952
75.217778
75.214604
75.211430
75.208257
75.205083
75.201909
75.198735
75.195562
75.192388
75.189214
75.186041
75.182867
75.179693
75.176519
75.173346
75.170172
75.166998
75.163825
75.160651
75.157477
75.154303
75.151130
75.147956
75.144782
75.141608
75.138435
75.135261
75.132087
75.128914
75.125740
75.122566
75.119392
75.116219
75.113045
75.109871
75.106697
75.103524
75.100350
75.097176
75.094003
75.090829
75.087655
75.084481
75.081308
75.078134
75.074960
75.071787
75.068613
75.065439
75.062265
75.059092
75.055918
75.052744
75.049570
75.046397
75.043223
75.040049
75.036876
75.036876
75.033039
75.029203
75.025366
75.021530
75.017693
75.013857
75.010020
75.006184
75.002347
74.998510
74.994674
74.990837
74.987001
74.983164
74.979328
74.975491
74.971655
74.967818
74.963982
74.960145
74.956309
74.952472
74.948636
74.944799
74.940963
74.937126
74.933290
74.929453
74.925617
74.921780
74.917944
74.914107
74.910271
74.906434
74.902598
74.898761
74.894925
74.891088
74.887252
74.883415
74.879579
74.875742
74.871906
74.868069
74.864233
74.860396
74.856560
74.852723
74.848887
74.845050
74.841214
74.837377
74.833541
74.829704
74.825868
74.822031
74.818194
74.814358
74.810521
74.806685
74.802848
74.799012
74.795175
74.791339
74.787502
74.783666
74.779829
74.775993
74.772156
74.768320
74.764483
74.760647
74.756810
74.752974
74.749137
74.745301
74.741464
74.737628
74.733791
74.729955
74.726118
74.722282
74.718445
74.714609
74.710772
74.706936
74.703099
74.699263
74.695426
74.691590
74.687753
74.683917
74.680080
74.676244
74.672407
74.668571
74.664734
74.660898
74.657061
74.653225
74.649388
74.645552
74.641715
74.637878
74.634042
74.630205
74.626369
74.622532
74.618696
74.614859
74.611023
74.607186
74.603350
74.599513
74.595677
74.591840
74.588004
74.584167
74.580331
74.576494
74.572658
74.568821
74.564985
74.561148
74.557312
74.553475
74.549639
74.545802
74.541966
74.538129
74.534293
74.530456
74.526620
74.522783
74.518947
74.515110
74.511274
74.507437
74.503601
74.499764
74.495928
74.492091
74.488255
74.484418
74.480582
74.476745
74.472909
74.469072
74.465236
74.461399
74.457562
74.453726
74.449889
74.446053
74.442216
74.438380
74.434543
74.430707
74.426870
74.423034
74.419197
74.415361
74.411524
74.407688
74.403851
74.400015
74.396178
74.392342
74.388505
74.384669
74.380832
74.376996
74.373159
74.369323
74.365486
74.361650
74.357813
74.353977
74.350140
74.346304
74.342467
74.338631
74.334794
74.330958
74.327121
74.323285
74.319448
74.315612
74.311775
74.307939
74.304102
74.300266
74.296429
74.292593
74.288756
74.284920
74.281083
74.277246
74.273410
74.269573
74.265737
74.261900
74.258064
74.254227
74.250391
74.246554
74.242718
74.238881
74.235045
74.231208
74.227372
74.223535
74.219699
74.215862
74.212026
74.208189
74.204353
74.200516
74.196680
74.192843
74.189007
74.185170
74.181334
74.177497
74.173661
74.169824
74.165988
74.162151
74.158315
74.154478
74.150642
74.146805
74.142969
74.139132
74.135296
74.131459
74.127623
74.123786
74.119950
74.116113
74.112277
74.108440
74.104604
74.100767
74.096930
74.093094
74.089257
74.085421
74.081584
74.077748
74.073911
74.070075
74.066238
74.062402
74.058565
74.054729
74.050892
74.050892
74.031542
74.012193
73.992843
73.973493
73.954143
73.934793
73.915443
73.896093
73.876744
73.857394
73.838044
73.818694
73.799344
73.779994
73.760644
73.741294
73.721945
73.702595
73.683245
73.663895
73.644545
73.625195
73.605845
73.586495
73.567146
73.547796
73.528446
73.509096
73.489746
73.470396
73.451046
73.431697
73.412347
73.392997
73.373647
73.354297
73.334947
73.315597
73.296247
73.276898
73.257548
73.238198
73.218848
73.199498
73.180148
73.160798
73.141448
73.122099
73.102749
73.083399
73.064049
73.044699
73.025349
73.005999
72.986650
72.967300
72.947950
72.928600
72.909250
72.889900
72.870550
72.851200
72.831851
72.812501
72.812501
72.789278
72.766055
72.742832
72.719610
72.696387
72.673164
72.649942
72.626719
72.603496
72.580273
72.557051
72.533828
72.510605
72.487382
72.464160
72.440937
72.417714
72.394491
72.371269
72.348046
72.324823
72.301600
72.278378
72.255155
72.231932
72.208709
72.185487
72.162264
72.139041
72.115819
72.092596
72.069373
72.046150
72.022928
71.999705
71.976482
71.953259
71.930037
71.906814
71.883591
71.860368
71.837146
71.813923
71.790700
71.767477
71.744255
71.721032
71.697809
71.674586
71.651364
71.628141
71.604918
71.581696
71.558473
71.535250
71.512027
71.488805
71.465582
71.442359
71.419136
71.395914
71.372691
71.349468
71.326245
71.326245
71.299235
71.272225
71.245214
71.218204
71.191194
71.164183
71.137173
71.110162
71.083152
71.056142
71.029131
71.002121
70.975110
70.948100
70.921090
70.894079
70.867069
70.840059
70.813048
70.786038
70.759027
70.732017
70.705007
70.677996
70.650986
70.623975
70.596965
70.569955
70.542944
70.515934
70.488924
70.461913
70.434903
70.407892
70.380882
70.353872
70.326861
70.299851
70.272841
70.245830
70.218820
70.191809
70.164799
70.137789
70.110778
70.083768
70.056757
70.029747
70.002737
69.975726
69.948716
69.921706
69.894695
69.867685
69.840674
69.813664
69.786654
69.759643
69.732633
69.705622
69.678612
69.651602
69.624591
69.597581
69.597581
69.566882
69.536183
69.505484
69.474785
69.444086
69.413388
69.382689
69.351990
69.321291
69.290592
69.259893
69.229194
69.198495
69.167796
69.137097
69.106399
69.075700
69.045001
69.014302
68.983603
68.952904
68.922205
68.891506
68.860807
68.830108
68.799410
68.768711
68.738012
68.707313
68.676614
68.645915
68.615216
68.584517
68.553818
68.523119
68.492421
68.461722
68.431023
68.400324
68.369625
68.338926
68.308227
68.277528
68.246829
68.216130
68.185432
68.154733
68.124034
68.093335
68.062636
68.031937
68.001238
67.970539
67.939840
67.909141
67.878443
67.847744
67.817045
67.786346
67.755647
67.724948
67.694249
67.663550
67.632851
67.632851
67.598033
67.563214
67.528395
67.493576
67.458757
67.423939
67.389120
67.354301
67.319482
67.284663
67.249845
67.215026
67.180207
67.145388
67.110569
67.075751
67.040932
67.006113
66.971294
66.936475
66.901657
66.866838
66.832019
66.797200
66.762381
66.727563
66.692744
66.657925
66.623106
66.588287
66.553469
66.518650
66.483831
66.449012
66.414193
66.379375
66.344556
66.309737
66.274918
66.240099
66.205281
66.170462
66.135643
66.100824
66.066005
66.031187
65.996368
65.961549
65.926730
65.891911
65.857093
65.822274
65.787455
65.752636
65.717817
65.682999
65.648180
65.613361
65.578542
65.543724
65.508905
65.474086
65.439267
65.439267
65.400943
65.362620
65.324296
65.285973
65.247649
65.209325
65.171002
65.132678
65.094354
65.056031
65.017707
64.979384
64.941060
64.902736
64.864413
64.826089
64.787765
64.749442
64.711118
64.672794
64.634471
64.596147
64.557824
64.519500
64.481176
64.442853
64.404529
64.366205
64.327882
64.289558
64.251235
64.212911
64.174587
64.136264
64.097940
64.059616
64.021293
63.982969
63.944646
63.906322
63.867998
63.829675
63.791351
63.753027
63.714704
63.676380
63.638056
63.599733
63.561409
63.523086
63.484762
63.446438
63.408115
63.369791
63.331467
63.293144
63.254820
63.216497
63.178173
63.139849
63.101526
63.063202
63.024878
63.024878
62.983191
62.941503
62.899815
62.858127
62.816439
62.774751
62.733064
62.691376
62.649688
62.608000
62.566312
62.524625
62.482937
62.441249
62.399561
62.357873
62.316185
62.274498
62.232810
62.191122
62.149434
62.107746
62.066059
62.024371
61.982683
61.940995
61.899307
61.857619
61.815932
61.774244
61.732556
61.690868
61.649180
61.607493
61.565805
61.524117
61.482429
61.440741
61.399053
61.357366
61.315678
61.273990
61.232302
61.190614
61.148927
61.107239
61.065551
61.023863
60.982175
60.940487
60.898800
60.857112
60.815424
60.773736
60.732048
60.690361
60.648673
60.606985
60.565297
60.523609
60.481922
60.440234
60.398546
60.398546
60.353647
60.308748
60.263849
60.218950
60.174051
60.129152
60.084253
60.039354
59.994455
59.949556
59.904657
59.859758
59.814859
59.769960
59.725061
59.680162
59.635263
59.590364
59.545465
59.500566
59.455667
59.410768
59.365869
59.320970
59.276071
59.231171
59.186272
59.141373
59.096474
59.051575
59.006676
58.961777
58.916878
58.871979
58.827080
58.782181
58.737282
58.692383
58.647484
58.602585
58.557686
58.512787
58.467888
58.422989
58.378090
58.333191
58.288292
58.243393
58.198494
58.153595
58.108696
58.063797
58.018898
57.973999
57.929100
57.884201
57.839302
57.794403
57.749504
57.704605
57.659706
57.614807
57.569908
57.569908
57.521963
57.474017
57.426072
57.378126
57.330181
57.282235
57.234290
57.186344
57.138399
57.090454
57.042508
56.994563
56.946617
56.898672
56.850726
56.802781
56.754836
56.706890
56.658945
56.610999
56.563054
56.515108
56.467163
56.419218
56.371272
56.323327
56.275381
56.227436
56.179490
56.131545
56.083599
56.035654
55.987709
55.939763
55.891818
55.843872
55.795927
55.747981
55.700036
55.652091
55.604145
55.556200
55.508254
55.460309
55.412363
55.364418
55.316473
55.268527
55.220582
55.172636
55.124691
55.076745
55.028800
54.980854
54.932909
54.884964
54.837018
54.789073
54.741127
54.693182
54.645236
54.597291
54.549346
54.549346
54.498530
54.447714
54.396898
54.346082
54.295266
54.244450
54.193634
54.142818
54.092002
54.041187
53.990371
53.939555
53.888739
53.837923
53.787107
53.736291
53.685475
53.634659
53.583843
53.533028
53.482212
53.431396
53.380580
53.329764
53.278948
53.228132
53.177316
53.126500
53.075684
53.024869
52.974053
52.923237
52.872421
52.821605
52.770789
52.719973
52.669157
52.618341
52.567525
52.516710
52.465894
52.415078
52.364262
52.313446
52.262630
52.211814
52.160998
52.110182
52.059366
52.008551
51.957735
51.906919
51.856103
51.805287
51.754471
51.703655
51.652839
51.602023
51.551207
51.500392
51.449576
51.398760
51.347944
51.347944
51.294444
51.240944
51.187444
51.133944
51.080445
51.026945
50.973445
50.919945
50.866445
50.812945
50.759445
50.705945
50.652446
50.598946
50.545446
50.491946
50.438446
50.384946
50.331446
50.277946
50.224447
50.170947
50.117447
50.063947
50.010447
49.956947
49.903447
49.849947
49.796448
49.742948
49.689448
49.635948
49.582448
49.528948
49.475448
49.421948
49.368449
49.314949
49.261449
49.207949
49.154449
49.100949
49.047449
48.993949
48.940450
48.886950
48.833450
48.779950
48.726450
48.672950
48.619450
48.565950
48.512451
48.458951
48.405451
48.351951
48.298451
48.244951
48.191451
48.137951
48.084452
48.030952
47.977452
47.977452
47.921464
47.865477
47.809489
47.753502
47.697514
47.641527
47.585539
47.529552
47.473564
47.417577
47.361589
47.305602
47.249614
47.193627
47.137639
47.081652
47.025664
46.969677
46.913689
46.857702
46.801714
46.745727
46.689739
46.633752
46.577764
46.521777
46.465789
46.409802
46.353814
46.297827
46.241839
46.185852
46.129864
46.073877
46.017889
45.961902
45.905914
45.849927
45.793939
45.737952
45.681964
45.625977
45.569989
45.514001
45.458014
45.402026
45.346039
45.290051
45.234064
45.178076
45.122089
45.066101
45.010114
44.954126
44.898139
44.842151
44.786164
44.730176
44.674189
44.618201
44.562214
44.506226
44.450239
44.450239
44.391969
44.333700
44.275430
44.217160
44.158890
44.100621
44.042351
43.984081
43.925812
43.867542
43.809272
43.751003
43.692733
43.634463
43.576194
43.517924
43.459654
43.401385
43.343115
43.284845
43.226576
43.168306
43.110036
43.051767
42.993497
42.935227
42.876958
42.818688
42.760418
42.702149
42.643879
42.585609
42.527340
42.469070
42.410800
42.352531
42.294261
42.235991
42.177722
42.119452
42.061182
42.002913
41.944643
41.886373
41.828104
41.769834
41.711564
41.653295
41.595025
41.536755
41.478486
41.420216
41.361946
41.303677
41.245407
41.187137
41.128868
41.070598
41.012328
40.954059
40.895789
40.837519
40.779250
40.779250
40.726616
40.673982
40.621348
40.568714
40.516080
40.463446
40.410812
40.358179
40.305545
40.252911
40.200277
40.147643
40.095009
40.042375
39.989742
39.937108
39.884474
39.831840
39.779206
39.726572
39.673938
39.621305
39.568671
39.516037
39.463403
39.410769
39.358135
39.305501
39.252868
39.200234
39.147600
39.094966
39.042332
38.989698
38.937064
38.884430
38.831797
38.779163
38.726529
38.673895
38.621261
38.568627
38.515993
38.463360
38.410726
38.358092
38.305458
38.252824
38.200190
38.147556
38.094923
38.042289
37.989655
37.937021
37.884387
37.831753
37.779119
37.726486
37.673852
37.621218
37.568584
37.515950
37.463316
37.463316
37.432966
37.402616
37.372265
37.341915
37.311565
37.281215
37.250864
37.220514
37.190164
37.159814
37.129463
37.099113
37.068763
37.038413
37.008062
36.977712
36.947362
36.917012
36.886661
36.856311
36.825961
36.795611
36.765260
36.734910
36.704560
36.674210
36.643859
36.613509
36.583159
36.552809
36.522458
36.492108
36.461758
36.431408
36.401057
36.370707
36.340357
36.310007
36.279656
36.249306
36.218956
36.188606
36.158255
36.127905
36.097555
36.067205
36.036854
36.006504
35.976154
35.945804
35.915453
35.885103
35.854753
35.824403
35.794052
35.763702
35.733352
35.703002
35.672651
35.642301
35.611951
35.581601
35.551250
35.520900
35.490550
35.460200
35.429849
35.399499
35.369149
35.338799
35.338799
35.319853
35.300907
35.281961
35.263015
35.244069
35.225123
35.206177
35.187231
35.168286
35.149340
35.130394
35.111448
35.092502
35.073556
35.054610
35.035664
35.016719
34.997773
34.978827
34.959881
34.940935
34.921989
34.903043
34.884097
34.865151
34.846206
34.827260
34.808314
34.789368
34.770422
34.751476
34.732530
34.713584
34.694638
34.675693
34.656747
34.637801
34.618855
34.599909
34.580963
34.562017
34.543071
34.524125
34.505180
34.486234
34.467288
34.448342
34.429396
34.410450
34.391504
34.372558
34.353612
34.334667
34.315721
34.296775
34.277829
34.258883
34.239937
34.220991
34.202045
34.183100
34.164154
34.145208
34.126262
34.107316
34.088370
34.069424
34.050478
34.031532
34.012587
33.993641
33.974695
33.955749
33.936803
33.917857
33.898911
33.879965
33.861019
33.842074
33.823128
33.804182
33.785236
33.766290
33.747344
33.728398
33.709452
33.690506
33.671561
33.652615
33.633669
33.614723
33.595777
33.576831
33.557885
33.538939
33.519994
33.501048
33.482102
33.463156
33.444210
33.425264
33.406318
33.387372
33.368426
33.349481
33.330535
33.311589
33.292643
33.273697
33.254751
33.235805
33.216859
33.197913
33.178968
33.160022
33.141076
33.122130
33.103184
33.103184
33.089821
33.076458
33.063095
33.049732
33.036369
33.023006
33.009643
32.996280
32.982918
32.969555
32.956192
32.942829
32.929466
32.916103
32.902740
32.889377
32.876014
32.862651
32.849288
32.835925
32.822562
32.809199
32.795836
32.782473
32.769111
32.755748
32.742385
32.729022
32.715659
32.702296
32.688933
32.675570
32.662207
32.648844
32.635481
32.622118
32.608755
32.595392
32.582029
32.568666
32.555303
32.541941
32.528578
32.515215
32.501852
32.488489
32.475126
32.461763
32.448400
32.435037
32.421674
32.408311
32.394948
32.381585
32.368222
32.354859
32.341496
32.328134
32.314771
32.301408
32.288045
32.274682
32.261319
32.247956
32.234593
32.221230
32.207867
32.194504
32.181141
32.167778
32.154415
32.141052
32.127689
32.114326
32.100964
32.087601
32.074238
32.060875
32.047512
32.034149
32.020786
32.007423
31.994060
31.980697
31.967334
31.953971
31.940608
31.927245
31.913882
31.900519
31.887156
31.873794
31.860431
31.847068
31.833705
31.820342
31.806979
31.793616
31.780253
31.766890
31.753527
31.740164
31.726801
31.713438
31.700075
31.686712
31.673349
31.659987
31.646624
31.633261
31.619898
31.606535
31.593172
31.579809
31.566446
31.553083
31.539720
31.526357
31.512994
31.499631
31.486268
31.472905
31.459542
31.446179
31.432817
31.419454
31.406091
31.392728
31.379365
31.366002
31.352639
31.339276
31.325913
31.312550
31.299187
31.285824
31.272461
31.259098
31.245735
31.232372
31.219010
31.205647
31.192284
31.178921
31.165558
31.152195
31.138832
31.138832
31.126739
31.114645
31.102552
31.090459
31.078365
31.066272
31.054179
31.042085
31.029992
31.017899
31.005805
30.993712
30.981619
30.969525
30.957432
30.945339
30.933246
30.921152
30.909059
30.896966
30.884872
30.872779
30.860686
30.848592
30.836499
30.824406
30.812312
30.800219
30.788126
30.776032
30.763939
30.751846
30.739752
30.727659
30.715566
30.703473
30.691379
30.679286
30.667193
30.655099
30.643006
30.630913
30.618819
30.606726
30.594633
30.582539
30.570446
30.558353
30.546259
30.534166
30.522073
30.509979
30.497886
30.485793
30.473700
30.461606
30.449513
30.437420
30.425326
30.413233
30.401140
30.389046
30.376953
30.364860
30.352766
30.340673
30.328580
30.316486
30.304393
30.292300
30.280206
30.268113
30.256020
30.243927
30.231833
30.219740
30.207647
30.195553
30.183460
30.171367
30.159273
30.147180
30.135087
30.122993
30.110900
30.098807
30.086713
30.074620
30.062527
30.050433
30.038340
30.026247
30.014154
30.002060
29.989967
29.977874
29.965780
29.953687
29.941594
29.929500
29.917407
29.905314
29.893220
29.881127
29.869034
29.856940
29.844847
29.832754
29.820661
29.808567
29.796474
29.784381
29.772287
29.760194
29.748101
29.736007
29.723914
29.711821